Rnk Team                         WON LOST   PF   PA     RATE      SOS
--- ----                         --- ----  ---  ---  -------  -------
  1 Alabama                        5    0  192   42   90.401   74.418 (  9)
  2 LSU                            5    0  190   64   85.626   72.014 ( 30)
  3 Michigan                       5    0  186   51   84.702   70.658 ( 45)
  4 Wisconsin                      5    0  242   51   84.572   66.918 (105)
  5 Clemson                        5    0  174  103   83.860   75.511 (  6)
  6 Oklahoma                       4    0  170   61   83.678   73.755 ( 15)
  7 Boise St                       4    0  146   67   83.323   73.712 ( 16)
  8 Oklahoma St                    4    0  187  110   82.154   74.197 ( 13)
  9 Florida                        4    1  171   74   82.013   72.072 ( 29)
 10 Stanford                       4    0  183   46   81.408   69.037 ( 75)
 11 Texas                          4    0  137   59   80.977   71.404 ( 36)
 12 Arkansas                       4    1  197  114   80.668   70.320 ( 56)
 13 Oregon                         3    1  208   98   79.686   70.388 ( 53)
 14 Illinois                       5    0  167   87   79.389   68.777 ( 77)
 15 Georgia Tech                   5    0  258  129   79.161   69.091 ( 72)
 16 Texas A&M                      2    2  150   93   78.647   75.264 (  7)
 17 Notre Dame                     3    2  135   93   78.565   75.821 (  4)
 18 West Virginia                  4    1  202  113   78.430   71.888 ( 35)
 19 Nebraska                       4    1  188  136   78.092   72.097 ( 28)
 20 Virginia Tech                  4    1  142   63   77.959   72.246 ( 27)
 21 South Carolina                 4    1  159  119   77.941   73.428 ( 18)
 22 Auburn                         4    1  153  137   77.880   73.003 ( 22)
 23 Kansas St                      4    0  111   66   77.623   67.665 ( 93)
 24 Arizona St                     4    1  177  103   77.560   69.969 ( 58)
 25 Tennessee                      3    1  151   82   77.458   70.493 ( 52)
 26 North Carolina                 4    1  157  104   77.432   71.964 ( 31)
 27 Georgia                        3    2  173  103   77.335   74.390 ( 10)
 28 Florida St                     2    2  139   68   77.035   69.524 ( 62)
 29 Penn State                     4    1  116   60   76.949   70.778 ( 43)
 30 Rutgers                        3    1  127   66   76.778   68.104 ( 87)
 31 South Florida                  4    1  199  112   76.700   68.489 ( 84)
 32 Texas Tech                     4    0  189   91   76.695   66.340 (110)
 33 Iowa St                        3    1  102  117   76.405   74.383 ( 11)
 34 Iowa                           3    1  151   95   75.761   69.370 ( 65)
 35 Southern Cal                   4    1  150  132   75.633   71.314 ( 38)
 36 Pittsburgh                     3    2  153  108   75.420   72.607 ( 25)
 37 Michigan St                    4    1  140   51   75.401   68.585 ( 81)
 38 Baylor                         3    1  189  115   75.396   69.467 ( 63)
 39 Washington                     4    1  170  147   75.299   70.530 ( 51)
 40 Western Michigan               3    2  150  109   74.910   71.355 ( 37)
 41 SMU                            4    1  164  103   74.847   68.554 ( 83)
 42 Wofford                        3    1  128  100   74.798   70.639 ( 46)
 43 Ohio U.                        4    1  161   82   74.576   67.192 (100)
 44 Vanderbilt                     3    1  102   63   74.078   70.036 ( 57)
 45 Tulsa                          2    3  140  174   74.005   75.234 (  8)
 46 San Diego St                   3    1  121   93   73.995   70.570 ( 48)
 47 Missouri                       2    2  144   81   73.730   70.535 ( 50)
 48 Houston                        5    0  226  133   73.563   64.391 (133)
 49 Georgia Southern               4    0  186   72   73.562   60.495 (158)
 50 Utah                           2    2  109   74   73.043   72.286 ( 26)
 51 Louisiana-Lafayette            4    1  165  159   73.032   68.258 ( 86)
 52 Cincinnati                     4    1  225   83   73.030   63.343 (137)
 53 TCU                            3    2  209  139   72.716   69.357 ( 66)
 54 Syracuse                       3    2  123  130   72.160   69.278 ( 67)
 55 Miami FL                       2    2  117   80   72.059   69.082 ( 73)
 56 California                     3    1  158   97   71.891   67.691 ( 92)
 57 Toledo                         2    3  161  135   71.846   73.077 ( 21)
 58 Nevada                         1    3   81  148   71.663   76.759 (  2)
 59 Temple                         3    2  144   67   71.610   65.360 (118)
 60 Maryland                       2    2   98  102   71.548   71.172 ( 39)
 61 Mississippi St                 2    3  135  118   71.459   73.372 ( 19)
 62 Coastal Carolina               3    1   81   99   71.301   63.898 (136)
 63 Kansas                         2    2  145  177   71.230   71.908 ( 33)
 64 Southern Miss                  4    1  169   97   71.165   65.461 (116)
 65 Arizona                        1    4  137  188   71.104   75.954 (  3)
 66 Ohio State                     3    2  119   73   71.011   68.049 ( 88)
 67 Marshall                       2    3   73  141   70.887   73.885 ( 14)
 68 Brigham Young                  3    2   91  125   70.737   70.712 ( 44)
 69 Wyoming                        3    1  122  107   70.521   67.391 ( 98)
 70 UCLA                           2    3  127  168   70.496   72.640 ( 24)
 71 Northern Iowa                  3    1  133   60   70.419   62.776 (144)
 72 Furman                         3    1  148   78   70.384   65.691 (115)
 73 Connecticut                    2    3  124   92   70.373   66.978 (103)
 74 Air Force                      3    1  154  113   70.304   64.625 (130)
 75 Ball St                        3    2  116  165   70.251   71.066 ( 41)
 76 Washington St                  3    1  178   97   70.107   64.725 (129)
 77 Troy                           2    2  109  139   69.882   71.935 ( 32)
 78 Florida Int'l                  3    2  140  110   69.738   67.854 ( 91)
 79 Wake Forest                    3    1  138   87   69.731   64.519 (131)
 80 Arkansas St                    3    2  148  108   68.989   67.652 ( 94)
 81 Navy                           2    2  135   90   68.944   67.136 (102)
 82 East Carolina                  1    3   95  131   68.904   72.981 ( 23)
 83 Sam Houston St                 4    0  121   68   68.807   59.065 (171)
 84 Appalachian St                 3    2  140  118   68.592   65.116 (123)
 85 Virginia                       3    2  136  112   68.315   66.687 (107)
 86 Rice                           1    3   88  160   67.978   73.605 ( 17)
 87 Mississippi                    2    3  113  123   67.926   69.786 ( 61)
 88 Hawai`i                        3    2  186  137   67.914   66.121 (111)
 89 UTEP                           2    3  130  163   67.907   69.148 ( 70)
 90 North Dakota St                4    0  155   43   67.901   54.294 (244)
 91 North Carolina St              2    3  154  157   67.679   69.077 ( 74)
 92 Kentucky                       2    3   75  123   67.637   71.893 ( 34)
 93 Bowling Green                  3    2  164  134   67.573   65.304 (120)
 94 Maine                          3    1  119   80   67.551   60.770 (157)
 95 Montana St                     4    1  158   90   67.477   59.920 (164)
 96 San José St                    2    3  106  156   67.332   70.344 ( 54)
 97 Louisville                     2    2   75   67   67.295   65.884 (112)
 98 New Hampshire                  3    1  154  174   67.281   65.168 (122)
 99 Duke                           3    2  134  140   67.215   67.443 ( 97)
100 Northern Illinois              2    3  186  198   67.042   69.864 ( 60)
101 Purdue                         2    2  118   86   66.880   66.840 (106)
102 Kent St                        1    4   62  147   66.864   75.622 (  5)
103 Fresno St                      2    3  153  162   66.792   68.652 ( 80)
104 James Madison                  4    1  102   96   66.664   61.875 (150)
105 Army                           2    3  133  140   66.613   67.646 ( 95)
106 Samford                        2    2  129   89   66.597   63.161 (141)
107 Florida Atlantic               0    4   51  152   66.272   77.081 (  1)
108 Central Florida                2    2  119   44   66.131   62.398 (147)
109 Central Michigan               2    3  103  163   66.048   68.738 ( 78)
110 Wayne St MI                    5    0  212   86   66.024   52.702 (270)
111 South Dakota                   3    2  138  123   65.942   63.287 (139)
112 North Texas                    1    4   87  192   65.597   74.317 ( 12)
113 Northwestern                   2    2  115   97   65.525   65.842 (113)
114 Lehigh                         4    1  188  125   65.520   59.183 (167)
115 Pittsburg St                   5    0  186   89   65.506   53.007 (264)
116 Utah St                        1    3  150  121   65.484   68.291 ( 85)
117 Louisiana Tech                 1    4  145  166   65.373   69.177 ( 69)
118 Colorado                       1    4  122  152   65.166   68.906 ( 76)
119 Indiana St                     4    1  174  154   64.886   61.804 (151)
120 McNeese St                     3    1  123  104   64.735   60.455 (159)
121 Middle Tennessee St            1    3  118  145   64.618   69.142 ( 71)
122 New Mexico St                  2    3  128  143   64.546   66.405 (109)
123 Western Carolina               1    3  114  193   64.494   70.600 ( 47)
124 Buffalo                        1    4   89  128   64.461   69.918 ( 59)
125 UW-Whitewater                  4    0  159   35   63.945   50.485 (314)
126 Elon                           3    2  111  133   63.906   62.044 (148)
127 Indiana                        1    4  120  122   63.877   67.962 ( 90)
128 Norfolk St                     4    1  122   84   63.808   56.453 (203)
129 Colorado St                    3    2  127  124   63.607   61.064 (156)
130 UNLV                           1    3   80  171   63.597   71.123 ( 40)
131 Amherst                        2    0   40   10   63.533   49.020 (343)
132 Presbyterian                   1    3   99  181   63.508   68.557 ( 82)
133 The Citadel                    2    2   80   70   63.462   63.288 (138)
134 Portland St                    3    1  138  119   63.447   58.152 (182)
135 Idaho                          1    4  110  152   63.388   68.658 ( 79)
136 Chattanooga                    2    3  107  113   63.301   65.416 (117)
137 Richmond                       3    2  128  122   63.299   58.551 (176)
138 Michigan Tech                  4    1  137   72   63.270   57.659 (190)
139 Yale                           2    1   81   81   63.223   61.602 (153)
140 Eastern Michigan               3    2   95  104   63.117   64.915 (127)
141 Texas St-San Marcos            3    2  131  161   62.959   62.952 (143)
142 Tennessee Tech                 4    1  166  123   62.863   55.201 (227)
143 Northwestern St                2    3   86  132   62.857   67.982 ( 89)
144 Nebraska-Kearney               5    0  250   68   62.846   47.850 (371)
145 Louisiana-Monroe               1    3   69  124   62.792   66.951 (104)
146 NW Missouri St                 4    1  295   82   62.733   53.219 (257)
147 Minnesota                      1    4   91  165   62.705   70.340 ( 55)
148 Towson                         3    1  118   58   62.590   56.747 (201)
149 Washburn                       5    0  201   94   62.483   51.990 (282)
150 South Alabama                  2    2   88   86   62.476   61.919 (149)
151 Montana                        3    2  153  149   62.468   61.624 (152)
152 Ferris St                      4    1  168   87   62.338   54.722 (234)
153 Western Illinois               2    3   78  169   61.989   65.701 (114)
154 North Dakota                   3    2  131  110   61.966   57.237 (194)
155 Southern Utah                  3    2  169  107   61.897   59.142 (168)
156 Cornell NY                     2    1   72   57   61.888   57.816 (185)
157 Delaware                       3    2  134  105   61.814   58.069 (183)
158 Central Arkansas               2    3  152  174   61.784   63.189 (140)
159 Eastern Washington             1    4  106  134   61.709   66.425 (108)
160 North Carolina A&T             1    2   44   92   61.685   65.054 (125)
161 Hillsdale                      4    1  164  146   61.642   57.771 (187)
162 Carroll MT                     4    1  166   91   61.571   55.301 (225)
163 Colorado St-Pueblo             5    0  172   63   61.478   49.343 (336)
164 Saginaw Valley St              3    1  128  105   61.476   57.608 (192)
165 Tulane                         2    3  132  167   61.417   64.236 (134)
166 Boston College                 1    4  103  118   61.353   65.330 (119)
167 Bloomsburg                     5    0  170   73   61.236   48.101 (364)
168 UC-Davis                       1    3   73  145   61.171   67.182 (101)
169 Youngstown St                  2    2  152  105   61.030   59.009 (172)
170 Liberty                        2    3  164  104   60.986   58.201 (180)
171 Bucknell                       4    1  137   91   60.969   55.849 (216)
172 Weber St                       2    3  164  154   60.940   61.162 (155)
173 Northern Arizona               2    2  117   88   60.889   57.326 (193)
174 Cal Poly SLO                   1    3  122  147   60.858   65.102 (124)
175 Hobart                         3    0  112   29   60.785   41.771 (522)
176 Memphis                        1    4   75  192   60.644   67.360 ( 99)
177 Jacksonville St                4    1  144  133   60.595   57.204 (196)
178 Harvard                        2    1   77   40   60.577   56.385 (205)
179 Sacramento St                  2    3  123  171   60.266   62.540 (146)
180 Holy Cross                     2    2  115   92   60.007   58.848 (173)
181 Ashland                        3    2  144  122   59.995   58.364 (178)
182 Southern Illinois              2    2  103   97   59.989   59.818 (165)
183 Oregon St                      0    4   67  126   59.920   73.224 ( 20)
184 Eastern Oregon                 4    1  182  167   59.731   55.669 (218)
185 West Texas A&M                 3    1  162   67   59.725   53.604 (251)
186 Old Dominion                   4    1  191  133   59.681   54.547 (239)
187 Midwestern St                  4    0  193   69   59.673   48.987 (344)
188 Stephen F. Austin              1    4  159  161   59.549   65.010 (126)
189 New Mexico                     0    5   99  215   59.507   70.865 ( 42)
190 Mary Hardin-Baylor             4    0  126   74   59.443   51.131 (306)
191 North Alabama                  5    0  172   82   59.299   49.521 (327)
192 Mars Hill                      4    1  147  118   59.293   52.247 (276)
193 Missouri Western               3    2  132  104   59.237   56.763 (200)
194 Linfield                       3    0   96   27   59.150   42.746 (501)
195 Northern Michigan              3    2  143  139   59.133   57.843 (184)
196 Duquesne                       4    1  169   96   58.992   51.353 (298)
197 Miami OH                       0    4   52  110   58.916   69.259 ( 68)
198 Tennessee-Martin               2    2  165   84   58.849   56.270 (208)
199 South Carolina St              2    3  136   94   58.700   58.693 (174)
200 Alabama-Birmingham             0    4   56  140   58.593   70.554 ( 49)
201 Western Kentucky               0    4   55  124   58.484   67.614 ( 96)
202 Delta St                       5    1  204  129   58.439   51.444 (297)
203 Minn St-Mankato                4    1  179   89   58.173   50.658 (312)
204 Missouri Valley                5    0  208   52   58.087   41.664 (527)
205 Rocky Mountain                 4    2  212  144   58.078   53.486 (253)
206 Massachusetts                  2    2  110  136   58.048   58.362 (179)
207 Illinois Wesleyan              4    0  104   28   57.796   38.762 (584)
208 Wayne St NE                    4    1  151  104   57.746   51.139 (305)
209 William & Mary                 3    2   74   93   57.572   56.247 (210)
210 Brown                          2    1   63   65   57.525   56.356 (207)
211 Montana St-Northern            3    2  132  146   57.504   56.114 (212)
212 St Xavier                      5    0  235  115   57.491   46.278 (406)
213 Georgetown DC                  3    2  151  129   57.397   55.971 (213)
214 Marian IN                      6    0  232   27   57.265   45.272 (433)
215 Benedictine KS                 5    0  174   27   57.179   41.023 (542)
216 North Greenville               3    2  157  127   57.154   54.879 (232)
217 Central Missouri               4    1  189  131   57.032   53.105 (260)
218 South Dakota St                1    4   87  190   56.903   64.742 (128)
219 Austin Peay                    2    2   76  150   56.887   60.228 (163)
220 Gardner-Webb                   1    3   56  136   56.885   65.175 (121)
221 St Cloud St                    4    1  155   83   56.838   51.459 (295)
222 West Alabama                   4    1  145   91   56.821   50.756 (311)
223 Winona St                      3    2  169  104   56.812   54.183 (246)
224 Drake                          4    1  110   88   56.757   52.616 (271)
225 Illinois St                    2    3  135  121   56.679   57.754 (189)
226 Minnesota-Duluth               4    1  144   85   56.648   51.518 (293)
227 Indianapolis                   3    2  172  128   56.494   53.137 (259)
228 Eastern Kentucky               1    3   66   80   56.340   62.743 (145)
229 Lamar                          3    1  159  103   56.312   48.714 (349)
230 Nicholls St                    1    4   82  148   56.262   64.471 (132)
231 SE Missouri St                 1    3   78  165   56.199   61.436 (154)
232 Bethune-Cookman                2    2  130  116   56.146   57.137 (197)
233 Idaho St                       2    3  153  153   56.143   57.766 (188)
234 Stony Brook                    1    3   88  107   56.085   60.379 (160)
235 Bemidji St                     4    1  169   70   56.069   49.483 (330)
236 Bryant                         3    2  124  109   56.057   54.735 (233)
237 Eastern Illinois               1    4  125  164   56.013   60.372 (161)
238 Ohio Dominican                 2    3  126  151   55.829   57.221 (195)
239 Abilene Christian              3    1  126   99   55.795   52.310 (274)
240 San Diego                      4    1  165  125   55.778   51.294 (300)
241 Akron                          1    4   76  186   55.773   64.222 (135)
242 Mount Union                    4    0  179   37   55.727   39.864 (562)
243 Butler                         3    2  131  122   55.652   53.759 (250)
244 Jacksonville FL                3    2  145  126   55.562   54.187 (245)
245 Bates                          1    1   35   29   55.486   55.145 (229)
246 Wheaton                        3    1  145   87   55.440   46.536 (402)
247 Murray St                      2    3  162  134   55.274   54.700 (235)
248 Morgan St                      2    3   46  145   55.268   59.427 (166)
249 Hamilton                       2    0   31   22   55.240   48.902 (345)
250 Trinity TX                     4    0  139   31   54.961   42.496 (506)
251 SE Louisiana St                1    4  167  201   54.752   60.293 (162)
252 UW-Platteville                 3    2  109   77   54.739   51.462 (294)
253 WV Wesleyan                    5    0  197   70   54.593   40.897 (547)
254 Winston-Salem St               5    0  228   87   54.583   44.257 (459)
255 Dayton                         3    2  100   81   54.499   51.176 (304)
256 McMurry                        3    2  170  165   54.491   51.950 (285)
257 St Francis IN                  3    1  167   82   54.433   45.330 (431)
258 Ouachita Baptist               3    1  122  116   54.365   51.282 (301)
259 Monmouth NJ                    2    2   88   93   54.294   54.656 (237)
260 Cal Lutheran                   2    1   70   65   54.252   51.533 (292)
261 Alabama St                     4    1  131   77   54.201   46.648 (400)
262 Kean                           4    0  103   83   54.172   45.725 (419)
263 Valdosta St                    4    1  135  116   54.093   50.983 (309)
264 Georgetown KY                  4    0   97   60   53.771   44.966 (438)
265 St John Fisher                 3    1  101   69   53.715   47.471 (380)
266 Dakota Wesleyan                4    0  163   65   53.591   42.826 (495)
267 Hampton                        2    2  117  117   53.415   53.234 (256)
268 Indiana PA                     2    2   69   53   53.386   52.994 (267)
269 Doane                          5    0  173   77   53.320   42.935 (491)
270 Northwood                      1    4   84  126   53.318   57.627 (191)
271 New Haven                      4    1  168   89   53.233   46.263 (407)
272 Henderson St                   2    3  143  140   53.226   54.679 (236)
273 Davidson                       2    2   79   99   53.199   53.098 (261)
274 SW Oklahoma St                 4    1  120  112   53.167   49.992 (321)
275 Truman St                      2    3  120  187   53.166   55.187 (228)
276 Missouri St                    0    5   63  197   53.160   69.421 ( 64)
277 MidAmerica Nazarene            3    1  119   63   53.134   45.415 (428)
278 Lake Erie                      1    4   83  159   53.134   59.100 (170)
279 Montana-Western                1    4  141  151   53.065   57.002 (198)
280 North Central                  3    1  209   75   53.065   43.621 (472)
281 Sioux Falls                    2    3  124  149   52.980   54.535 (240)
282 Texas-San Antonio              2    3  135  101   52.978   53.367 (254)
283 Howard                         2    3   91  119   52.951   55.912 (214)
284 Trinity CT                     2    0   49   23   52.843   42.769 (500)
285 Wesley                         3    1  167   61   52.821   41.827 (520)
286 TAMU-Kingsville                3    2  138  124   52.749   50.081 (317)
287 Lenoir-Rhyne                   2    2   83   76   52.747   52.068 (279)
288 Bentley                        4    1  175   69   52.681   45.001 (436)
289 Albany St GA                   4    1  204  150   52.621   48.264 (360)
290 Georgia St                     1    3   79  140   52.581   59.113 (169)
291 Jackson St                     4    1  177   89   52.549   46.009 (413)
292 Louisiana College              3    1  150   77   52.535   47.838 (372)
293 St Ambrose                     3    1  118   74   52.456   46.843 (397)
294 Redlands                       2    1   89   77   52.453   47.930 (369)
295 Missouri Southern              1    3  117  121   52.409   55.871 (215)
296 Rhode Island                   1    3   83  109   52.404   58.193 (181)
297 Johns Hopkins                  5    0  203   38   52.399   35.389 (670)
298 Robert Morris PA               1    3   55   90   52.336   56.262 (209)
299 Slippery Rock                  4    1  165   53   52.159   43.216 (485)
300 St Thomas                      5    0  225   80   52.118   41.390 (532)
301 UW-La Crosse                   1    3   72   98   52.105   56.815 (199)
302 St Francis IL                  4    1  263   68   52.025   39.608 (565)
303 Grand Valley St                2    3  198  121   51.913   51.634 (290)
304 Newberry                       2    3  100  109   51.863   52.755 (268)
305 Mary                           3    2  141  117   51.859   49.221 (339)
306 Tarleton St                    1    4  134  179   51.735   56.441 (204)
307 Findlay                        2    3  137  136   51.704   52.478 (273)
308 Edinboro                       4    1  147   65   51.681   44.930 (440)
309 California PA                  4    1  160   84   51.658   45.100 (434)
310 Lafayette                      1    4   79  136   51.622   57.795 (186)
311 William Penn                   6    0  246   44   51.414   37.296 (626)
312 Angelo St                      3    2  142  108   51.407   49.446 (332)
313 Harding                        1    3  121  108   51.389   54.432 (243)
314 Arkansas-Monticello            3    2  127   99   51.240   47.274 (389)
315 Bethel TN                      4    1  184  142   51.227   46.199 (409)
316 Augustana SD                   2    3  113   97   51.142   52.186 (277)
317 Wesleyan                       1    1   22   22   51.047   51.121 (307)
318 Tennessee St                   1    4  147  200   50.898   56.356 (206)
319 Concord                        3    2  120  104   50.869   48.719 (348)
320 Marist                         1    4   81  132   50.841   55.668 (219)
321 Wingate                        3    2  153  161   50.807   49.857 (323)
322 Shorter                        3    1  137   86   50.789   45.798 (417)
323 NW Oklahoma St                 2    3  104  144   50.765   51.795 (287)
324 Villanova                      1    4   72  134   50.683   58.616 (175)
325 Shepherd                       4    1  235   79   50.645   42.406 (507)
326 Emporia St                     1    4  121  148   50.590   56.223 (211)
327 West Chester                   2    3  129  136   50.582   52.297 (275)
328 Delaware Valley                5    0  172   58   50.487   38.802 (582)
329 Florida A&M                    3    2  134  155   50.300   51.969 (284)
330 Chadron St                     2    3  123  138   50.137   51.755 (288)
331 Princeton                      1    2   55   89   50.129   55.827 (217)
332 Arkansas Tech                  1    4  122  164   50.125   54.449 (242)
333 UW-Oshkosh                     3    1  146   86   50.087   44.829 (442)
334 Central Conn St                2    3  108  120   50.084   53.146 (258)
335 Campbellsville                 3    2  160  157   50.019   49.840 (324)
336 Azusa Pacific                  4    1  251   89   50.002   38.363 (594)
337 East Central OK                3    2  152  158   49.920   49.257 (338)
338 Sacred Heart                   2    2   74   91   49.915   51.179 (303)
339 Brevard                        2    3  137  156   49.796   52.088 (278)
340 Albany NY                      2    2  134  109   49.790   51.050 (308)
341 SE Oklahoma St                 2    2  101  104   49.748   49.827 (325)
342 Fort Hays St                   2    3  127  174   49.708   51.987 (283)
343 Morehouse                      4    1  178   77   49.534   41.540 (530)
344 Colgate                        2    3  119  164   49.489   53.031 (263)
345 Grand View                     3    3  151   95   49.371   47.337 (386)
346 Cortland St                    3    1  130   75   49.261   43.775 (466)
347 Wagner                         1    4  103  138   49.255   55.499 (221)
348 Missouri S&T                   2    3   93  126   49.215   50.881 (310)
349 UW-Stevens Point               2    2   53   66   49.134   49.354 (335)
350 Lindenwood                     3    2  157   93   49.085   48.135 (363)
351 Pikeville                      4    1  196  128   48.953   42.902 (493)
352 Humboldt St                    4    0  158   73   48.921   38.735 (585)
353 Thomas More                    4    0  170   58   48.899   35.093 (675)
354 Shippensburg                   3    2  193  137   48.873   46.411 (404)
355 Birmingham-Southern            5    0  168   74   48.819   36.804 (638)
356 New Mexico Highlands           4    1  198  137   48.800   44.302 (458)
357 Concordia-St Paul              2    3  130  188   48.747   51.557 (291)
358 Elizabeth City St              3    2  157   99   48.714   43.537 (477)
359 SW Baptist                     4    1  127  109   48.714   44.100 (461)
360 Wabash                         4    0  145   21   48.653   31.396 (709)
361 Endicott                       5    0  215   68   48.619   37.593 (619)
362 West Georgia                   2    2   84   95   48.615   48.563 (354)
363 Upper Iowa                     2    3  120  214   48.608   51.817 (286)
364 Evangel                        2    2   61  117   48.597   49.473 (331)
365 Morningside                    3    1  107   84   48.459   45.084 (435)
366 Incarnate Word                 1    4  118  201   48.454   54.507 (241)
367 Merrimack                      3    1  200   66   48.428   41.793 (521)
368 UW-Eau Claire                  3    1  130   72   48.408   42.999 (488)
369 Southern Arkansas              1    4  101  189   48.383   53.539 (252)
370 Colorado Mines                 4    1  187   79   48.327   40.719 (552)
371 North Carolina Central         1    3   94  107   48.247   56.643 (202)
372 Northern St SD                 1    4   86  140   48.217   53.822 (249)
373 Salisbury                      4    0  160   78   48.217   36.099 (657)
374 Texas Lutheran                 4    1  183  144   48.208   43.732 (468)
375 Montana Tech                   1    5  130  226   48.125   55.469 (222)
376 Alfred                         3    1  117   68   48.111   43.704 (469)
377 Baker                          3    3  191  140   48.097   46.946 (396)
378 Cumberlands KY                 2    3  134  117   47.964   48.653 (351)
379 American Int'l                 3    2  113  123   47.961   47.034 (393)
380 Concordia NE                   3    2   97  114   47.944   46.050 (412)
381 Central Oklahoma               1    4   94  129   47.839   52.708 (269)
382 Savannah St                    1    4   93  205   47.834   55.433 (223)
383 Northern Colorado              0    5  103  205   47.831   58.449 (177)
384 Bethany KS                     5    0  193  102   47.831   37.270 (628)
385 Mercyhurst                     3    2  155   98   47.806   44.583 (447)
386 Charleston Southern            0    5   63  227   47.765   63.071 (142)
387 Dartmouth                      1    2   78   66   47.732   48.806 (346)
388 Kutztown                       4    1  196  113   47.730   41.865 (518)
389 Dubuque                        5    0  224   98   47.639   36.574 (644)
390 SW Minnesota St                1    4  128  205   47.607   53.007 (265)
391 Taylor                         3    1  110   68   47.487   41.913 (517)
392 Adams St                       2    3   97   99   47.477   50.014 (318)
393 Stillman                       4    1   94  116   47.400   45.643 (422)
394 C.W. Post                      2    3  101  133   47.378   49.376 (334)
395 New Jersey                     3    1  107   48   47.343   39.138 (574)
396 Montclair St                   4    0  111   63   47.293   38.941 (577)
397 Midland U.                     3    2  199  130   47.221   43.834 (465)
398 Virginia-Wise                  4    1  130  125   47.178   43.135 (487)
399 Carson-Newman                  2    3  132  104   47.049   48.383 (358)
400 Adrian                         5    0  166   51   47.018   34.003 (690)
401 Centre                         4    0  149   66   47.017   37.600 (618)
402 Pennsylvania                   1    2   55   87   47.014   50.012 (319)
403 Middlebury                     1    1   56   31   47.002   44.833 (441)
404 Tusculum                       1    4   93  163   46.983   55.063 (230)
405 Morehead St                    2    3  219  164   46.921   47.258 (390)
406 Williams                       1    1   37   42   46.921   47.699 (376)
407 Lycoming                       3    1  112   53   46.917   41.724 (525)
408 SW Assem of God                4    1  179   76   46.912   37.027 (632)
409 Eastern New Mexico             2    3  143  158   46.905   47.705 (374)
410 East Stroudsburg               1    4  134  133   46.901   51.250 (302)
411 Campbell                       1    3  125  129   46.876   48.451 (356)
412 Alabama A&M                    3    2   95   89   46.809   45.686 (420)
413 Western Oregon                 3    2  160  130   46.799   44.211 (460)
414 Huntingdon AL                  4    1  188  117   46.796   38.769 (583)
415 Gannon                         2    3  100  108   46.776   48.438 (357)
416 Southern U.                    2    3  113  126   46.764   47.284 (388)
417 Tufts                          0    2   25   52   46.757   55.363 (224)
418 Western St CO                  1    4   55  163   46.554   53.867 (247)
419 Cumberland TN                  3    1  114   86   46.544   42.230 (509)
420 Johnson C. Smith               2    3  130  135   46.471   48.073 (365)
421 Langston                       3    2   85  128   46.386   46.309 (405)
422 Union KY                       2    3   89  146   46.348   48.521 (355)
423 Malone                         3    2  119  141   46.297   44.525 (450)
424 Northwestern IA                3    2  155   87   46.188   43.424 (480)
425 Catawba                        2    3   86  125   46.186   51.996 (281)
426 Wittenberg                     5    0  178   80   46.184   36.190 (652)
427 Notre Dame OH                  2    2   77   95   46.177   46.967 (395)
428 St Francis PA                  1    4  115  225   46.168   54.572 (238)
429 East Texas Baptist             2    3  155  180   46.107   47.652 (377)
430 Northeastern St OK             2    3  146  148   45.880   47.926 (370)
431 Muskingum                      4    0   99   31   45.826   33.764 (694)
432 Kentucky St                    3    2  165  143   45.780   43.621 (471)
433 Emory & Henry                  4    1  160   82   45.739   35.749 (663)
434 UNC-Pembroke                   3    2  183  170   45.726   44.501 (452)
435 Southern Conn St               4    1  206  112   45.601   40.492 (555)
436 TAMU-Commerce                  0    4   85  156   45.530   53.848 (248)
437 Mississippi College            2    2  126  142   45.525   46.078 (411)
438 Muhlenberg                     3    2  124   90   45.480   41.992 (515)
439 Monmouth IL                    4    1  210   72   45.427   38.271 (595)
440 Willamette                     1    3   71   67   45.407   49.135 (341)
441 Hardin-Simmons                 2    3  138  144   45.394   47.529 (379)
442 Hastings                       2    2   80   45   45.307   44.440 (454)
443 Western New Mexico             3    2  125  123   45.175   44.577 (448)
444 Albion                         1    3   90  125   45.167   50.157 (316)
445 Arkansas-Pine Bluff            3    2  111  103   45.093   43.921 (464)
446 Franklin                       4    1  185  143   45.075   41.298 (536)
447 Fordham                        1    3   55  108   45.038   53.314 (255)
448 Hampden-Sydney                 4    1  215   91   44.927   37.059 (631)
449 Central IA                     3    2  162  154   44.838   43.232 (484)
450 Virginia Union                 4    2  140  144   44.788   42.811 (497)
451 Albright                       4    1  205  105   44.767   39.248 (571)
452 Walsh                          1    4   96  146   44.742   50.529 (313)
453 Lincoln MO                     1    4  103  222   44.732   52.009 (280)
454 Belhaven                       2    3  151  128   44.664   44.375 (457)
455 St Olaf                        4    1  143  148   44.563   41.073 (541)
456 Widener                        4    1  216   83   44.455   36.302 (650)
457 Virginia St                    3    2   90  106   44.418   45.909 (415)
458 Prairie View A&M               3    2  154  190   44.376   44.383 (455)
459 Fairmont St                    4    1  166   93   44.270   39.045 (575)
460 Bethel MN                      3    1  158   42   44.230   37.497 (621)
461 Glenville St                   2    3  152  179   44.199   46.605 (401)
462 Wash & Jeff                    3    2  142   85   44.199   38.881 (579)
463 Springfield                    3    1  174   94   44.133   35.745 (664)
464 St Augustine's                 2    3  106  115   44.107   45.547 (424)
465 Worcester St                   5    0  206  109   44.075   34.183 (685)
466 Minn St-Moorhead               2    3  119  181   44.026   47.248 (391)
467 Urbana                         2    3  111  142   43.749   47.344 (385)
468 Valley City St                 4    1  139  115   43.712   39.214 (572)
469 Wartburg                       4    1  140   83   43.711   37.695 (615)
470 Delaware St                    2    3   62  196   43.587   50.009 (320)
471 Buffalo St                     2    3  167  137   43.459   44.795 (444)
472 Minot St                       1    5   88  186   43.413   52.562 (272)
473 Lindsey Wilson                 2    2  105  132   43.411   43.597 (473)
474 Concordia-Moorhead             3    2  160  123   43.346   41.101 (539)
475 Nebraska Wesleyan              2    3  122  160   43.215   45.501 (426)
476 Ithaca                         3    1   90   66   43.135   39.577 (567)
477 Randolph-Macon                 4    1  139   74   43.009   36.616 (642)
478 Pacific Lutheran               2    1   65   35   42.994   34.125 (687)
479 Olivet Nazarene                1    5   57  247   42.920   51.455 (296)
480 SUNY-Maritime                  3    1  120   71   42.883   37.664 (617)
481 Southern Oregon                2    3  102  160   42.862   47.043 (392)
482 Baldwin-Wallace                3    1   86   41   42.850   37.681 (616)
483 Rowan                          2    2  124   85   42.850   41.531 (531)
484 Miles                          2    3   89  124   42.804   44.496 (453)
485 Central Methodist              2    2   79   60   42.765   42.573 (505)
486 Southern Nazarene              4    1  225  103   42.727   33.446 (696)
487 Clark Atlanta                  2    3   53   94   42.612   44.934 (439)
488 Bowdoin                        0    2   24   44   42.555   55.227 (226)
489 Lebanon Valley                 3    1  155  120   42.543   38.194 (597)
490 Texas Southern                 2    2  110  108   42.522   41.380 (533)
491 Ottawa                         3    2  146  105   42.517   38.832 (580)
492 Heidelberg                     3    1  150   86   42.447   38.077 (603)
493 Augsburg                       4    0  129   96   42.446   33.102 (698)
494 Carthage                       3    1   74   40   42.362   37.884 (608)
495 VMI                            0    4   60  118   42.340   55.058 (231)
496 Fayetteville St                1    4  106  215   42.301   48.036 (367)
497 Grambling St                   1    4   82  131   42.292   49.520 (328)
498 Quincy                         2    2   86  112   42.124   43.542 (476)
499 Central Washington             1    3   90   90   42.064   45.373 (429)
500 St John's MN                   2    3  119  163   42.018   42.630 (504)
501 UW-Stout                       2    2   59  104   41.961   43.209 (486)
502 Trine                          3    1  114   86   41.930   38.521 (592)
503 Bowie St                       3    2  150   95   41.888   37.726 (613)
504 Elmhurst                       3    1  199   77   41.830   35.132 (673)
505 Millikin                       3    1  138   89   41.769   36.127 (656)
506 Faulkner                       1    3  150  170   41.736   43.929 (463)
507 Millsaps                       2    3   75  126   41.720   44.745 (445)
508 Washington and Lee             4    1  202  108   41.711   34.168 (686)
509 Howard Payne                   1    4   55  155   41.671   48.630 (352)
510 Illinois College               4    1  184  191   41.654   37.861 (609)
511 Colorado Mesa                  1    4  124  185   41.595   48.800 (347)
512 Susquehanna                    3    2  130  189   41.559   42.076 (512)
513 Tiffin                         0    5   81  263   41.531   55.655 (220)
514 North Park                     3    1   91   98   41.306   36.827 (636)
515 Lincoln PA                     1    4  108  145   41.226   45.730 (418)
516 Salve Regina                   2    3   86   89   41.218   42.849 (494)
517 Coe                            2    3  120  145   41.166   42.784 (499)
518 Stonehill                      1    4  124  150   41.157   46.094 (410)
519 St Joseph's IN                 1    4   95  180   41.155   47.613 (378)
520 Columbia                       0    3   56   89   40.991   48.319 (359)
521 McKendree                      0    4   44  109   40.956   51.327 (299)
522 Dickinson St                   2    3  119  123   40.921   43.469 (478)
523 Tuskegee                       1    3   52   82   40.865   44.994 (437)
524 Wilkes                         2    2  136  150   40.776   39.579 (566)
525 Capital                        2    2   71  123   40.739   41.164 (537)
526 Utica                          2    2  145  176   40.731   41.585 (529)
527 Millersville                   2    3   41  175   40.696   47.368 (384)
528 Kalamazoo                      3    2  183  117   40.401   38.179 (598)
529 Washington U.                  2    2  103   64   40.396   37.948 (606)
530 Minnesota-Crookston            1    4   77  166   40.379   49.405 (333)
531 Ferrum                         2    2   90   88   40.315   39.270 (570)
532 Frostburg St                   2    2  116  128   40.294   40.468 (557)
533 St Norbert                     3    2  113   51   40.230   36.949 (634)
534 William Paterson               2    2   81   95   40.229   40.761 (549)
535 Framingham St                  3    2  134   94   40.207   38.142 (601)
536 Mt St Joseph                   3    1  112   80   40.147   35.703 (666)
537 Concordia IL                   1    2   66   72   40.117   41.856 (519)
538 Briar Cliff                    2    3   79  134   40.052   43.321 (482)
539 Maine Maritime                 3    1  125   72   40.032   34.231 (683)
540 Carroll WI                     4    1  155  102   39.885   34.579 (682)
541 Chicago                        3    2  115  138   39.742   39.147 (573)
542 Clarion                        0    5   77  197   39.527   51.639 (289)
543 Menlo                          3    1  105   81   39.507   35.360 (671)
544 Alcorn St                      1    4  103  107   39.421   43.994 (462)
545 Ohio Northern                  2    2   85   94   39.419   42.042 (514)
546 Western New England            4    1  112   85   39.393   34.983 (677)
547 Pace                           1    3   44  200   39.386   45.522 (425)
548 Fort Valley St                 1    4   95  112   39.380   45.653 (421)
549 Cheyney                        1    4   41  173   39.379   46.698 (399)
550 William Jewell                 1    4   56  147   39.311   49.206 (340)
551 Case Western Reserve           3    1   72   50   39.286   35.947 (659)
552 Gettysburg                     3    2  239  211   39.229   36.164 (654)
553 St Lawrence                    2    3   96  131   39.099   43.455 (479)
554 Valparaiso                     0    4   76  213   39.069   53.005 (266)
555 Augustana IL                   0    4   77   96   39.063   45.316 (432)
556 Chowan                         1    4  154  189   39.011   42.998 (489)
557 Chapman                        2    1   68   92   39.009   38.808 (581)
558 Iowa Wesleyan                  0    4   69  141   38.999   48.262 (361)
559 Benedictine IL                 2    2  127  124   38.809   38.160 (599)
560 Kentucky Wesleyan              0    4   24  145   38.804   53.053 (262)
561 Ursinus                        3    2  149  108   38.780   36.335 (648)
562 Webber Int'l                   0    4   72  146   38.731   47.708 (373)
563 Union NY                       2    3  142  155   38.731   40.061 (561)
564 Christopher Newport            2    2  104   94   38.726   38.391 (593)
565 Colby                          0    2   25   69   38.618   49.922 (322)
566 Hope                           3    2  109  105   38.609   38.671 (589)
567 Fort Lewis                     1    4   89  199   38.608   49.514 (329)
568 Kentucky Christian             1    4   50  157   38.594   45.349 (430)
569 Sul Ross St                    1    3   76  107   38.577   42.704 (502)
570 St Anselm                      0    4   87  216   38.413   48.610 (353)
571 Rhodes                         2    2   83  148   38.383   41.333 (535)
572 West Virginia St               1    3   75  140   38.371   43.741 (467)
573 Waynesburg                     3    1  108   52   38.357   32.795 (700)
574 Dixie St                       1    4  113  195   38.257   43.563 (474)
575 Luther                         1    3   64   98   38.204   42.964 (490)
576 OK Panhandle St                0    4   63  174   38.127   47.700 (375)
577 Lane                           1    3   58   84   38.083   42.699 (503)
578 Central St OH                  0    5   54  177   38.056   50.305 (315)
579 McPherson                      2    3  123  159   38.025   42.114 (511)
580 Dakota St                      0    6  128  311   38.000   48.663 (350)
581 Charleston WV                  0    5   63  174   37.929   49.765 (326)
582 Assumption                     1    4   93  145   37.897   44.378 (456)
583 RPI                            2    2  127  127   37.868   38.129 (602)
584 Catholic                       3    1  130  136   37.800   35.732 (665)
585 Bethany WV                     2    2   97   88   37.766   38.002 (604)
586 WPI                            2    3  113  149   37.692   38.565 (591)
587 Westfield St                   2    3  105  134   37.659   39.660 (564)
588 Ripon                          4    1  149   98   37.627   32.552 (702)
589 Rochester                      1    3   78  128   37.527   42.400 (508)
590 Black Hills St                 1    5  107  196   37.352   45.981 (414)
591 Austin                         0    5   68  199   37.344   47.413 (382)
592 Trinity Int'l                  1    3   39  131   37.272   47.433 (381)
593 Bridgewater VA                 3    1  111   90   37.229   32.928 (699)
594 Curry                          3    2  134  137   37.209   36.435 (646)
595 Bridgewater St MA              2    2   64   45   37.172   36.440 (645)
596 Lewis & Clark                  4    0  182  116   37.093   29.513 (717)
597 Simpson                        1    4   94  165   37.056   41.728 (524)
598 Jamestown                      2    3   91  104   36.990   38.702 (587)
599 West Virginia Tech             0    4   46  158   36.893   47.305 (387)
600 Shaw                           1    4  132   98   36.890   40.245 (559)
601 UW-River Falls                 0    4   66  167   36.790   48.136 (362)
602 John Carroll                   2    2  108  158   36.776   40.456 (558)
603 Buena Vista                    1    3   68  110   36.687   43.309 (483)
604 West Liberty St                0    5   67  182   36.679   48.069 (366)
605 Rose-Hulman                    2    2   92  106   36.646   37.084 (630)
606 Manchester                     2    2   76   80   36.588   35.607 (668)
607 Peru St                        1    3  104  174   36.575   44.540 (449)
608 Shenandoah                     2    2  131   92   36.548   32.499 (703)
609 Graceland                      1    3   71  145   36.531   44.798 (443)
610 Whitworth                      1    3   85   77   36.472   40.229 (560)
611 Brockport St                   0    4   82  113   36.470   43.377 (481)
612 Culver-Stockton                1    4   91  185   36.351   44.511 (451)
613 Hanover                        2    3  128  139   36.297   38.616 (590)
614 Dordt                          1    4   61  102   36.173   41.748 (523)
615 Benedict                       1    4   74  135   36.051   41.150 (538)
616 Friends                        2    2  114  113   36.049   36.823 (637)
617 Mississippi Valley St          0    5   78  190   35.864   48.007 (368)
618 Sewanee                        2    3  121  113   35.775   36.361 (647)
619 King's PA                      1    3   74  166   35.772   40.926 (545)
620 Grinnell                       3    2  148  160   35.762   34.812 (678)
621 Bacone                         1    5  118  171   35.760   41.350 (534)
622 Concordia AL                   1    2   36   81   35.658   42.201 (510)
623 McDaniel                       1    4  162  166   35.506   38.690 (588)
624 Sterling                       3    3   95   92   35.468   37.151 (629)
625 Allegheny                      2    3   70  106   35.457   37.907 (607)
626 Merchant Marine                1    4   87  147   35.312   42.071 (513)
627 Mayville St                    3    3  151  143   35.219   34.770 (679)
628 DePauw                         1    3   57   78   35.048   39.376 (569)
629 Carleton                       1    3   70   78   34.930   37.764 (612)
630 LaGrange                       2    3   75  110   34.929   38.146 (600)
631 Hartwick                       2    2   67   59   34.889   35.237 (672)
632 Lock Haven                     0    4   42  166   34.854   46.973 (394)
633 Westminster PA                 2    2   61   88   34.824   35.524 (669)
634 Alma                           1    4  131  155   34.724   40.527 (554)
635 Wooster                        2    3   44   78   34.722   37.978 (605)
636 UMass-Dartmouth                3    2   84   98   34.685   34.031 (689)
637 Mass Maritime                  2    2  100  114   34.665   35.081 (676)
638 Morrisville St                 0    4   58  117   34.617   44.696 (446)
639 Occidental                     2    1   78   70   34.543   31.776 (707)
640 Bethel KS                      1    4  100  260   34.480   42.824 (496)
641 Stevenson                      1    4  143  262   34.253   40.815 (548)
642 Kansas Wesleyan                1    4   92  205   34.224   40.918 (546)
643 Southwestern KS                2    3  136  101   34.124   33.945 (692)
644 Denison                        3    2  133   75   34.029   30.696 (712)
645 Geneva                         1    4   87  189   33.997   40.954 (544)
646 Otterbein                      1    3  122  149   33.993   37.471 (622)
647 Ohio Wesleyan                  1    4   53  107   33.846   40.666 (553)
648 Robert Morris IL               1    3   74   91   33.794   37.395 (623)
649 Gustavus Adolphus              0    4   73  116   33.758   41.710 (526)
650 Bluffton                       1    4  107  163   33.686   38.201 (596)
651 Western Conn St                0    4   64  225   33.477   45.841 (416)
652 Concordia WI                   1    3   80  116   33.440   37.778 (611)
653 Plymouth St                    3    2   81   73   33.208   32.188 (705)
654 Seton Hill                     0    5   73  204   33.204   46.733 (398)
655 Wilmington                     0    4   38  132   33.175   45.610 (423)
656 St Scholastica                 4    0  157   72   33.171   20.069 (731)
657 Southern Virginia              0    3   49  116   33.160   43.653 (470)
658 Claremont-Mudd-Scripps         2    1   62   62   33.049   31.078 (711)
659 St Vincent                     2    2  128   60   33.046   31.160 (710)
660 Simon Fraser                   1    4   95  177   33.023   40.721 (551)
661 Marietta                       1    3   88  112   32.817   37.833 (610)
662 Methodist                      1    3   88  125   32.737   37.697 (614)
663 Avila                          0    5   23  185   32.710   49.310 (337)
664 North Carolina Wesleyan        1    3   83  118   32.623   36.759 (640)
665 Dickinson                      2    3  105  107   32.498   37.390 (624)
666 Norwich                        2    3  121  131   32.333   33.593 (695)
667 St Mary KS                     1    4  113  138   32.315   36.600 (643)
668 Lake Forest                    0    4  127  171   32.227   38.732 (586)
669 Moravian                       1    4   51  174   32.164   40.727 (550)
670 Coast Guard                    1    3  131  137   31.840   34.715 (680)
671 South Dakota Tech              0    5   95  192   31.698   40.998 (543)
672 Fitchburg St                   2    3   86  192   31.674   36.284 (651)
673 Cornell IA                     2    2   68  121   31.438   34.083 (688)
674 Beloit                         1    4  114  171   31.288   36.307 (649)
675 Carnegie Mellon                3    2  121  102   31.254   28.301 (720)
676 Edward Waters                  0    3   51   94   31.249   41.091 (540)
677 Gallaudet                      2    2  130  116   31.240   30.022 (714)
678 Loras                          1    4  104  149   31.040   37.360 (625)
679 Anderson                       1    4  100  181   30.875   39.005 (576)
680 Mount Ida                      1    3   58   77   30.861   33.779 (693)
681 Eureka                         3    1  107   96   30.814   23.420 (725)
682 Oberlin                        2    2   91   62   30.512   30.088 (713)
683 Concordia MI                   0    5   20  219   30.416   46.430 (403)
684 Lakeland                       1    3   33   97   30.100   36.783 (639)
685 Westminster MO                 4    1  204  100   30.077   23.221 (726)
686 Franklin & Marshall            1    4   96  124   30.011   36.180 (653)
687 Lawrence                       1    4  127  216   29.996   37.280 (627)
688 Pomona-Pitzer                  0    3   81  127   29.949   37.525 (620)
689 Whittier                       1    2   86  130   29.716   36.883 (635)
690 Defiance                       0    4   39  140   29.644   43.554 (475)
691 Maryville                      0    4   27  131   29.186   46.226 (408)
692 Castleton St                   1    3  111  187   29.186   35.113 (674)
693 Ave Maria                      0    4   40  138   29.178   42.786 (498)
694 Texas College                  0    5   16  239   29.174   49.101 (342)
695 Nichols                        0    5   73  189   29.039   38.908 (578)
696 Wisconsin Lutheran             2    2  130   90   28.969   28.111 (722)
697 MIT                            1    3   89  122   28.885   32.570 (701)
698 Grove City                     0    4   72  105   28.806   36.745 (641)
699 La Verne                       0    3   34  137   28.579   47.401 (383)
700 Olivet                         0    4   78  235   28.441   45.443 (427)
701 Waldorf                        1    4   50  198   28.216   40.488 (556)
702 Averett                        1    3   51  128   27.762   35.968 (658)
703 Pacific OR                     0    4   88  148   27.563   35.668 (667)
704 FDU-Florham                    0    4   56  199   27.535   42.913 (492)
705 Macalester                     2    3   99  110   27.492   28.824 (719)
706 Northwestern MN                3    2  175   89   26.831   22.883 (728)
707 Anna Maria                     0    4  135  201   26.492   36.133 (655)
708 Aurora                         1    3   83   81   26.275   33.975 (691)
709 Puget Sound                    0    4   90  151   26.105   35.757 (662)
710 Knox                           0    5   99  193   25.916   35.907 (660)
711 Thiel                          0    5   66  208   25.881   39.515 (568)
712 Tabor                          1    3   79   95   25.753   31.466 (708)
713 Livingstone                    0    4   28  187   25.474   41.626 (528)
714 Greenville                     1    3  117  138   25.183   28.147 (721)
715 Becker                         1    4   80  148   23.720   29.970 (715)
716 Earlham                        0    5   50  164   23.453   34.191 (684)
717 Guilford                       1    3   70  145   23.314   29.429 (718)
718 Trinity Bible                  2    2  107  143   22.778   24.055 (724)
719 Juniata                        0    5   47  207   22.431   39.667 (563)
720 Hiram                          1    4   51  123   22.172   29.578 (716)
721 Rockford                       0    4   72  182   22.074   32.320 (704)
722 Hamline                        0    4   20  106   22.018   36.966 (633)
723 Apprentice                     1    4   28  196   21.802   35.814 (661)
724 Husson                         0    4   40  232   19.264   41.923 (516)
725 Minnesota-Morris               2    3  124  174   18.399   21.374 (729)
726 Maranatha Baptist              2    2   79  126   17.808   18.809 (732)
727 Kenyon                         0    4   27  142   17.272   33.148 (697)
728 Presentation                   1    3   68  155   17.223   22.907 (727)
729 Haskell                        0    6   44  329   15.564   34.676 (681)
730 Greensboro                     0    4   21  104   15.505   31.851 (706)
731 Martin Luther                  1    4   94  174   11.204   18.215 (733)
732 Crown                          0    4   59  142    7.570   21.252 (730)
733 MacMurray                      0    4   15  182    6.697   26.169 (723)
