Rnk Team                         WON LOST   PF   PA     RATE      SOS
--- ----                         --- ----  ---  ---  -------  -------
  1 Auburn                        14    0  577  337   78.320   68.632 ( 13)
  2 TCU                           13    0  541  156   78.218   65.013 ( 71)
  3 Oregon                        12    1  611  243   77.896   68.176 ( 20)
  4 Stanford                      12    1  524  226   77.750   68.930 (  9)
  5 Boise St                      12    1  586  166   76.180   65.310 ( 66)
  6 Alabama                       10    3  464  176   75.851   68.029 ( 21)
  7 Ohio State                    12    1  504  186   75.835   66.318 ( 53)
  8 LSU                           11    2  386  237   75.261   68.405 ( 14)
  9 Arkansas                      10    3  474  304   74.952   68.317 ( 17)
 10 Oklahoma                      12    2  521  305   74.521   68.747 ( 11)
 11 Wisconsin                     11    2  539  267   73.990   65.947 ( 61)
 12 Oklahoma St                   11    2  575  343   73.831   67.271 ( 31)
 13 Missouri                      10    3  388  209   73.099   67.835 ( 22)
 14 Nevada                        13    1  574  300   72.737   64.476 ( 79)
 15 Texas A&M                      9    4  406  285   72.628   68.987 (  7)
 16 Virginia Tech                 11    3  474  288   72.545   66.928 ( 40)
 17 Michigan St                   11    2  383  290   72.334   66.279 ( 56)
 18 Florida St                    10    4  439  275   72.133   67.650 ( 25)
 19 South Carolina                 9    5  433  324   72.128   68.726 ( 12)
 20 Nebraska                      10    4  432  243   71.993   67.382 ( 30)
 21 Mississippi St                 9    4  377  258   71.388   66.957 ( 39)
 22 Southern Cal                   8    5  403  347   71.120   69.435 (  6)
 23 Utah                          10    3  430  264   71.002   66.119 ( 59)
 24 Iowa                           8    5  376  221   70.864   66.854 ( 43)
 25 Arizona                        7    6  367  295   70.817   68.983 (  8)
 26 Notre Dame                     8    5  342  263   70.615   68.350 ( 16)
 27 Florida                        8    5  388  277   70.332   68.260 ( 19)
 28 Arizona St                     6    6  387  300   70.248   68.906 ( 10)
 29 North Carolina St              9    4  414  277   70.240   66.142 ( 58)
 30 Oregon St                      5    7  293  322   70.151   71.512 (  1)
 31 Washington                     7    6  284  381   70.110   70.414 (  2)
 32 West Virginia                  9    4  327  176   69.312   65.244 ( 67)
 33 California                     5    7  310  271   69.244   69.713 (  5)
 34 Air Force                      9    4  401  274   69.131   65.125 ( 68)
 35 Miami FL                       7    6  342  269   68.822   67.016 ( 38)
 36 San Diego St                   9    4  455  287   68.821   64.226 ( 84)
 37 Hawai`i                       10    4  554  357   68.744   63.979 ( 87)
 38 Texas Tech                     8    5  430  402   68.696   67.128 ( 36)
 39 Illinois                       7    6  423  305   68.488   67.074 ( 37)
 40 North Carolina                 8    5  329  302   68.474   67.160 ( 35)
 41 Maryland                       9    4  419  288   68.391   64.752 ( 74)
 42 Pittsburgh                     8    5  342  247   68.323   66.073 ( 60)
 43 Baylor                         7    6  405  396   68.285   67.166 ( 34)
 44 Central Florida               11    3  449  240   68.103   62.439 (100)
 45 Michigan                       7    6  426  458   68.093   67.775 ( 23)
 46 Tulsa                         10    3  538  394   67.925   63.462 ( 92)
 47 Kansas St                      7    6  437  378   67.783   66.670 ( 46)
 48 Penn State                     7    6  319  308   67.724   67.262 ( 32)
 49 Georgia                        6    7  417  287   67.536   66.619 ( 49)
 50 Clemson                        6    7  312  244   67.400   66.303 ( 54)
 51 Boston College                 7    6  240  254   67.243   66.763 ( 44)
 52 Navy                           9    4  386  303   67.049   64.431 ( 80)
 53 Iowa St                        5    7  260  346   66.942   68.388 ( 15)
 54 Brigham Young                  7    6  340  281   66.937   66.294 ( 55)
 55 Colorado                       5    7  290  369   66.930   68.281 ( 18)
 56 Texas                          5    7  285  284   66.779   67.575 ( 26)
 57 UCLA                           4    8  242  364   66.756   69.964 (  4)
 58 Northern Illinois             11    3  532  265   66.648   60.832 (117)
 59 Tennessee                      6    7  351  326   66.636   66.907 ( 41)
 60 Connecticut                    8    5  343  286   66.426   64.602 ( 78)
 61 South Florida                  8    5  313  260   66.266   64.253 ( 83)
 62 Fresno St                      8    5  377  390   66.258   64.749 ( 75)
 63 Syracuse                       8    5  288  251   66.240   63.801 ( 91)
 64 Minnesota-Duluth              15    0  595  190   66.172   52.803 (209)
 65 Northwestern                   7    6  343  377   65.806   65.428 ( 64)
 66 Louisville                     7    6  343  252   65.570   64.295 ( 82)
 67 Southern Miss                  8    5  479  384   65.483   63.045 ( 94)
 68 Kentucky                       6    7  406  369   65.095   64.741 ( 76)
 69 Delaware                      12    3  418  181   64.878   58.196 (142)
 70 Georgia Tech                   6    7  338  328   64.829   65.042 ( 70)
 71 East Carolina                  6    7  478  572   64.795   65.594 ( 62)
 72 Eastern Washington            13    2  472  374   64.734   59.625 (124)
 73 SMU                            7    7  360  359   64.690   65.060 ( 69)
 74 Temple                         8    4  300  229   64.250   61.499 (109)
 75 Washington St                  2   10  235  430   64.234   70.333 (  3)
 76 Mississippi                    4    8  367  422   64.198   67.556 ( 27)
 77 UW-Whitewater                 15    0  603  177   64.154   48.613 (312)
 78 Cincinnati                     4    8  325  336   64.076   66.435 ( 51)
 79 Louisiana Tech                 5    7  321  368   63.985   65.361 ( 65)
 80 Miami OH                      10    4  302  325   63.956   61.368 (112)
 81 Toledo                         8    5  363  371   63.713   62.583 ( 97)
 82 Purdue                         4    8  236  345   63.612   66.885 ( 42)
 83 Army                           7    6  346  316   63.586   62.345 (101)
 84 Villanova                      9    5  431  269   63.513   60.255 (121)
 85 Houston                        5    7  452  386   63.435   63.807 ( 90)
 86 Idaho                          6    7  346  368   63.417   63.980 ( 86)
 87 Minnesota                      3    9  278  396   63.120   67.535 ( 28)
 88 Virginia                       4    8  304  339   62.965   64.918 ( 72)
 89 William & Mary                 8    4  297  200   62.899   59.603 (125)
 90 Appalachian St                10    3  446  307   62.820   57.478 (152)
 91 Indiana                        5    7  326  408   62.808   64.381 ( 81)
 92 Duke                           3    9  303  425   62.356   66.688 ( 45)
 93 Ohio U.                        8    5  357  309   62.348   60.806 (119)
 94 Troy                           8    5  443  393   62.224   60.894 (116)
 95 Rutgers                        4    8  250  318   62.196   63.973 ( 88)
 96 NW Missouri St                12    2  480  289   62.036   56.423 (167)
 97 Kansas                         3    9  205  413   61.988   67.469 ( 29)
 98 Wake Forest                    3    9  273  430   61.970   66.362 ( 52)
 99 South Alabama                 10    0  413  130   61.950   47.815 (336)
100 Florida Int'l                  7    6  374  355   61.746   61.599 (105)
101 Stephen F. Austin              9    3  435  268   61.693   57.521 (150)
102 Western Michigan               6    6  388  286   61.689   61.075 (115)
103 Marshall                       5    7  250  345   61.630   63.835 ( 89)
104 New Hampshire                  8    5  322  214   61.585   59.167 (132)
105 Utah St                        4    8  264  405   61.515   65.483 ( 63)
106 Wofford                       10    3  376  246   61.514   56.287 (169)
107 Mount Union                   14    1  578  134   61.487   47.981 (328)
108 Montana St                     9    3  396  310   61.381   56.931 (159)
109 Georgia Southern              10    5  413  277   61.302   57.446 (153)
110 Williams                       8    0  293  107   61.276   48.840 (308)
111 North Central                 12    1  489  120   61.236   47.365 (347)
112 Rice                           4    8  344  462   61.102   64.099 ( 85)
113 UTEP                           6    7  338  357   61.021   61.566 (106)
114 Alabama-Birmingham             4    8  316  379   60.976   63.391 ( 93)
115 North Dakota St                9    5  356  255   60.975   58.188 (143)
116 Wyoming                        3    9  230  364   60.864   66.265 ( 57)
117 Vanderbilt                     2   10  203  374   60.583   67.169 ( 33)
118 Kent St                        5    7  256  275   60.566   61.527 (108)
119 Colorado St                    3    9  198  416   60.541   66.479 ( 50)
120 James Madison                  6    5  195  162   60.475   59.353 (130)
121 Western Illinois               8    5  423  294   60.428   57.118 (157)
122 Sacramento St                  6    5  353  272   60.380   59.208 (131)
123 Northern Iowa                  7    5  282  253   60.353   59.359 (128)
124 Augustana SD                  11    2  378  182   60.350   52.883 (208)
125 St Cloud St                   10    3  418  239   60.143   53.175 (202)
126 Central Missouri              11    3  562  390   60.071   55.353 (179)
127 Tulane                         4    8  299  446   60.068   63.000 ( 95)
128 Abilene Christian             11    1  520  258   59.868   50.888 (246)
129 Northern Arizona               6    5  314  218   59.858   57.914 (147)
130 UNLV                           2   11  239  516   59.774   67.667 ( 24)
131 Weber St                       6    5  279  342   59.763   59.891 (123)
132 Massachusetts                  6    5  292  277   59.722   58.661 (138)
133 Jacksonville St                9    3  386  300   59.605   55.793 (175)
134 Richmond                       6    5  171  226   59.591   59.580 (126)
135 Chattanooga                    6    5  347  343   59.469   59.355 (129)
136 Montana                        7    4  349  243   59.377   56.034 (171)
137 South Dakota St                5    6  234  232   59.277   60.191 (122)
138 Arkansas St                    4    8  360  369   59.198   61.819 (103)
139 Delta St                      11    4  478  389   58.960   55.932 (172)
140 Pennsylvania                   9    1  290  145   58.952   50.617 (256)
141 North Alabama                  9    4  378  191   58.871   54.398 (187)
142 SE Missouri St                 9    3  323  258   58.819   55.175 (181)
143 Carroll MT                    14    0  533  193   58.813   45.937 (413)
144 Sioux Falls                   13    1  577  119   58.795   45.479 (440)
145 Central Michigan               3    9  293  312   58.759   62.049 (102)
146 TAMU-Kingsville               10    2  339  192   58.753   50.864 (247)
147 Elon                           6    5  351  303   58.531   57.307 (155)
148 Illinois St                    6    5  321  436   58.479   58.985 (136)
149 Missouri St                    5    6  334  374   58.457   59.382 (127)
150 Trinity CT                     7    1  233  106   58.402   49.663 (288)
151 Middle Tennessee St            6    7  344  365   58.386   58.944 (137)
152 Southern Illinois              5    6  331  285   58.343   57.445 (154)
153 Louisiana-Monroe               5    7  250  389   58.341   62.509 ( 98)
154 McNeese St                     6    5  241  274   58.248   59.130 (133)
155 Southern Utah                  6    5  327  211   58.131   55.796 (174)
156 Lehigh                        10    3  303  248   58.126   53.154 (203)
157 Grand Valley St               11    2  469  249   58.078   51.076 (242)
158 Washburn                       8    4  446  317   58.059   54.905 (184)
159 St Thomas                     12    1  494  149   57.972   47.086 (365)
160 Indiana St                     6    5  351  328   57.911   55.809 (173)
161 Valdosta St                    8    3  260  189   57.890   54.185 (191)
162 Central Arkansas               7    4  296  233   57.825   55.638 (177)
163 UC-Davis                       6    5  233  295   57.810   57.993 (145)
164 Cal Poly SLO                   7    4  306  280   57.651   56.094 (170)
165 Wesley                        12    1  509  163   57.646   45.982 (407)
166 Henderson St                   7    4  388  256   57.523   54.332 (188)
167 Sam Houston St                 6    5  295  257   57.517   56.603 (164)
168 Florida Atlantic               4    8  202  351   57.502   61.345 (113)
169 Ball St                        4    8  264  365   57.389   60.260 (120)
170 North Texas                    3    9  287  356   57.303   60.821 (118)
171 Furman                         5    6  333  281   57.296   56.749 (161)
172 Bowling Green                  2   10  255  403   57.276   62.486 ( 99)
173 San José St                    1   12  209  451   57.244   66.652 ( 47)
174 Michigan Tech                  8    2  305  166   57.153   51.385 (233)
175 Eastern Kentucky               6    5  303  250   56.950   55.434 (178)
176 Bethel MN                     12    2  381  180   56.885   47.869 (329)
177 New Mexico St                  2   10  188  474   56.856   64.822 ( 73)
178 Missouri Western               8    4  381  267   56.830   53.296 (199)
179 Louisiana-Lafayette            3    9  268  444   56.653   61.545 (107)
180 Murray St                      6    5  397  334   56.647   55.694 (176)
181 Maine                          4    7  197  269   56.539   59.031 (134)
182 Rhode Island                   5    6  217  268   56.511   57.937 (146)
183 Ouachita Baptist               6    4  352  247   56.473   53.042 (205)
184 Harding                        6    4  289  216   56.386   54.157 (192)
185 West Alabama                   7    4  327  245   56.269   53.378 (196)
186 Grambling St                   9    2  330  212   56.221   50.046 (281)
187 Memphis                        1   11  173  478   56.117   64.612 ( 77)
188 Youngstown St                  3    8  344  347   56.061   58.318 (141)
189 New Mexico                     1   11  190  532   55.957   66.647 ( 48)
190 Western Kentucky               2   10  274  398   55.931   61.460 (110)
191 Jacksonville FL               10    1  464  225   55.882   47.298 (350)
192 Robert Morris                  8    3  313  226   55.855   52.304 (216)
193 Winona St                      7    4  328  247   55.841   53.218 (200)
194 Hillsdale                      9    3  373  274   55.785   50.682 (255)
195 Texas Southern                 9    3  299  220   55.726   51.247 (239)
196 Eastern Michigan               2   10  228  527   55.684   62.679 ( 96)
197 South Dakota                   4    7  257  280   55.611   57.716 (149)
198 Liberty                        8    3  401  222   55.578   50.711 (254)
199 Linfield                       9    2  454  172   55.517   46.122 (402)
200 Albany St GA                  11    1  342  155   55.497   45.744 (423)
201 Amherst                        6    2  286  159   55.445   50.252 (274)
202 St Xavier                     13    1  670  241   55.443   43.726 (501)
203 Tennessee-Martin               6    5  237  254   55.340   55.074 (183)
204 Central Washington             8    3  304  201   55.245   49.754 (287)
205 Wayne St MI                    9    2  347  228   55.241   49.490 (291)
206 West Texas A&M                 8    4  504  315   55.228   51.111 (241)
207 Ohio Northern                 10    2  395  171   55.169   46.909 (375)
208 Samford                        4    7  196  278   55.126   58.002 (144)
209 Harvard                        7    3  273  187   55.106   51.330 (234)
210 Wheaton                       10    2  381  192   55.041   47.825 (334)
211 Tennessee Tech                 5    6  264  317   55.032   56.843 (160)
212 Jackson St                     8    3  365  247   54.958   50.326 (270)
213 Portland St                    2    9  257  445   54.946   61.438 (111)
214 Nebraska-Omaha                 5    6  383  362   54.891   55.154 (182)
215 Shepherd                      12    2  549  302   54.891   48.130 (327)
216 Concordia-St Paul              8    4  322  217   54.872   50.990 (244)
217 Old Dominion                   8    3  369  239   54.816   50.074 (280)
218 Buffalo                        2   10  170  334   54.675   61.615 (104)
219 Central Conn St                8    3  332  327   54.641   51.993 (224)
220 Northwestern St                5    6  194  302   54.525   56.407 (168)
221 Minn St-Mankato                6    5  282  211   54.462   52.347 (215)
222 California PA                 10    2  417  173   54.460   46.823 (381)
223 Mary Hardin-Baylor            12    1  596  236   54.405   45.682 (426)
224 Texas St-San Marcos            4    7  273  377   54.338   56.722 (162)
225 Northern Colorado              3    8  275  345   54.278   58.563 (139)
226 Ashland                        8    3  415  196   54.247   49.253 (298)
227 North Dakota                   3    8  244  275   54.220   57.517 (151)
228 Pittsburg St                   6    6  273  289   54.160   53.975 (193)
229 Nicholls St                    4    7  231  369   53.992   56.992 (158)
230 Dayton                        10    1  390  232   53.789   45.437 (442)
231 Coastal Carolina               6    6  373  302   53.784   53.679 (195)
232 South Carolina St              9    3  366  184   53.737   48.197 (324)
233 Nebraska-Kearney               9    2  388  250   53.732   47.079 (366)
234 Bemidji St                     7    4  277  186   53.691   50.432 (267)
235 Brown                          6    4  247  210   53.667   52.000 (223)
236 Wartburg                      10    1  327  142   53.644   44.008 (490)
237 Wingate                        9    3  418  346   53.576   50.503 (263)
238 Bloomsburg                    10    3  468  276   53.547   47.817 (335)
239 Bethune-Cookman               10    2  458  228   53.432   45.868 (417)
240 Yale                           7    3  224  211   53.338   50.899 (245)
241 Humboldt St                    8    3  357  202   53.296   47.755 (338)
242 Mercyhurst                    10    3  354  265   53.237   48.399 (315)
243 Cal Lutheran                   8    2  327  192   53.155   45.661 (427)
244 Stony Brook                    6    5  343  282   53.152   52.106 (222)
245 Colorado Mines                 9    3  438  289   53.118   47.754 (339)
246 Morningside                   10    2  404  152   53.106   44.632 (464)
247 Wayne St NE                    6    5  293  222   53.086   51.776 (227)
248 Colgate                        7    4  314  240   53.062   50.749 (249)
249 Duquesne                       7    4  279  283   52.969   51.720 (231)
250 Prairie View A&M               7    4  268  218   52.861   50.189 (277)
251 Tuskegee                       9    2  311  169   52.779   45.876 (416)
252 Albany NY                      6    5  226  255   52.774   52.696 (211)
253 Trine                         11    1  554  187   52.728   40.785 (600)
254 Colorado St-Pueblo             9    2  404  172   52.703   45.371 (446)
255 Arkansas-Monticello            4    7  249  308   52.683   54.668 (185)
256 MidAmerica Nazarene           12    1  443  209   52.651   40.933 (597)
257 SE Louisiana St                2    9  237  324   52.629   56.709 (163)
258 Midwestern St                  8    4  382  287   52.552   49.229 (299)
259 Hardin-Simmons                 8    2  448  179   52.537   45.494 (439)
260 Akron                          1   11  187  421   52.508   61.202 (114)
261 Emporia St                     5    6  222  297   52.490   53.329 (198)
262 Delaware Valley                9    3  376  161   52.371   46.427 (390)
263 Dartmouth                      6    4  264  212   52.266   50.255 (272)
264 Chadron St                     8    3  329  187   52.186   46.883 (377)
265 Kutztown                      10    2  466  321   52.173   45.435 (443)
266 Pacific Lutheran               8    1  289  202   52.132   44.459 (474)
267 Arkansas Tech                  4    7  234  317   52.076   54.620 (186)
268 Lamar                          5    6  195  287   51.905   53.027 (206)
269 Bryant                         7    4  344  270   51.886   49.462 (292)
270 Indianapolis                   6    5  261  238   51.769   50.345 (269)
271 Saginaw Valley St              4    7  303  312   51.527   53.099 (204)
272 Georgia St                     6    5  302  286   51.504   51.875 (226)
273 Alfred                        10    3  429  258   51.481   46.917 (373)
274 Alabama St                     7    5  249  223   51.425   49.897 (283)
275 Missouri Southern              4    7  245  269   51.376   52.941 (207)
276 St John's MN                   7    3  359  158   51.367   44.935 (455)
277 Northern Michigan              5    6  221  183   51.357   51.320 (236)
278 St John Fisher                 9    2  476  237   51.326   44.452 (475)
279 Central IA                     8    2  338  165   51.322   44.155 (486)
280 Western Oregon                 7    4  296  208   51.295   48.502 (314)
281 Drake                          7    4  289  225   51.198   48.296 (318)
282 Carson-Newman                  7    4  344  300   51.164   49.180 (301)
283 Redlands                       8    1  250  119   51.159   43.024 (527)
284 Eastern Illinois               2    9  197  322   51.152   57.132 (156)
285 Marian IN                     10    3  381  243   51.117   44.740 (461)
286 Northwood                      5    6  313  355   51.103   51.734 (230)
287 Florida A&M                    8    3  241  202   51.070   48.337 (317)
288 St Francis IN                 10    2  415  239   51.046   44.151 (488)
289 Lenoir-Rhyne                   7    4  358  223   51.037   47.868 (330)
290 Holy Cross                     6    5  249  254   51.029   50.546 (257)
291 Truman St                      4    7  243  352   51.016   53.926 (194)
292 West Georgia                   3    7  184  269   50.970   54.314 (189)
293 West Liberty St                7    3  460  313   50.932   46.967 (370)
294 UW-Stevens Point               7    3  331  196   50.925   47.844 (332)
295 Northwestern IA                8    2  299  171   50.908   43.576 (507)
296 The Citadel                    3    8  164  296   50.867   56.480 (165)
297 Concord                        8    3  400  283   50.805   46.108 (403)
298 Augustana IL                   6    4  233  188   50.777   48.627 (311)
299 Cortland St                   10    2  372  147   50.771   43.001 (530)
300 Willamette                     7    3  371  207   50.703   45.791 (421)
301 Western Carolina               2    9  182  380   50.576   57.783 (148)
302 Towson                         1   10  171  379   50.519   58.995 (135)
303 Wittenberg                    10    1  386  154   50.490   39.876 (631)
304 Coe                            9    2  405  207   50.476   42.419 (552)
305 Fort Hays St                   3    8  313  352   50.453   53.369 (197)
306 Montclair St                  10    2  299  155   50.360   42.883 (535)
307 Illinois Wesleyan              7    3  264  205   50.350   46.594 (389)
308 Alcorn St                      5    6  326  319   50.280   51.323 (235)
309 WV Wesleyan                    9    2  372  270   50.267   43.717 (502)
310 Thomas More                   11    1  399  191   50.243   40.784 (601)
311 Monmouth NJ                    3    8  285  283   50.223   52.278 (218)
312 Wesleyan                       4    4  188  201   50.143   50.726 (252)
313 Mary                           4    7  262  282   50.110   52.299 (217)
314 Springfield                    9    2  398  189   50.103   43.097 (524)
315 Idaho St                       1   10  172  366   50.098   58.414 (140)
316 Franklin                       9    2  502  170   50.029   40.637 (607)
317 Fort Valley St                 8    3  323  153   49.999   44.615 (465)
318 Catawba                        6    4  317  278   49.903   47.231 (353)
319 Middlebury                     4    4  203  218   49.893   50.519 (260)
320 Elmhurst                       6    4  283  228   49.858   47.224 (355)
321 Carthage                       6    4  305  270   49.772   47.218 (356)
322 Arkansas-Pine Bluff            5    6  300  308   49.714   50.475 (265)
323 Fordham                        5    6  234  269   49.714   50.401 (268)
324 Morehouse                      8    3  337  247   49.698   44.867 (459)
325 Tusculum                       6    5  439  384   49.687   48.360 (316)
326 Columbia                       4    6  222  228   49.536   50.994 (243)
327 Tennessee St                   3    8  220  258   49.528   52.529 (214)
328 C.W. Post                      7    4  369  320   49.524   47.130 (360)
329 Shaw                           9    3  344  276   49.457   44.209 (485)
330 Lambuth                        4    6  202  280   49.456   50.849 (248)
331 Dickinson St                   9    2  284  165   49.374   42.506 (548)
332 Austin Peay                    2    9  208  420   49.359   56.444 (166)
333 Angelo St                      5    5  345  303   49.264   49.398 (293)
334 Ferris St                      5    6  273  299   49.244   49.838 (285)
335 Baldwin-Wallace                7    3  284  213   49.224   45.761 (422)
336 Indiana PA                     6    5  257  223   49.137   47.534 (345)
337 Wagner                         5    6  239  253   49.136   49.914 (282)
338 Wabash                         8    2  338  157   49.129   41.778 (569)
339 Rowan                          9    1  261  146   49.125   41.794 (568)
340 McKendree                      9    3  383  217   49.041   43.229 (519)
341 Newberry                       4    6  348  338   48.990   48.791 (310)
342 William Penn                  10    1  486  210   48.981   39.263 (654)
343 SW Minnesota St                4    7  239  360   48.962   52.238 (220)
344 Winston-Salem St               8    2  371  156   48.942   41.107 (591)
345 St Augustine's                 9    2  311  214   48.867   41.550 (577)
346 Azusa Pacific                  6    4  359  228   48.850   46.045 (405)
347 Ithaca                         6    4  242  178   48.841   46.647 (387)
348 San Diego                      5    6  237  241   48.781   48.922 (305)
349 Gardner-Webb                   4    7  214  306   48.764   51.274 (237)
350 Mars Hill                      5    6  340  362   48.609   49.291 (297)
351 Hampton                        6    5  192  202   48.577   48.197 (323)
352 UW-Oshkosh                     4    6  269  284   48.575   50.748 (250)
353 Salisbury                      7    3  374  151   48.535   42.655 (543)
354 Sacred Heart                   4    7  253  310   48.445   50.489 (264)
355 UNC-Pembroke                   5    5  242  167   48.345   47.115 (362)
356 NW Oklahoma St                 8    3  402  279   48.332   43.486 (513)
357 Northeastern St OK             6    5  275  340   48.330   48.854 (307)
358 Southern Arkansas              1    9  163  327   48.294   55.348 (180)
359 Charleston WV                  6    5  328  284   48.275   47.191 (358)
360 North Greenville               7    3  345  195   48.268   43.172 (522)
361 Lindenwood                     9    2  577  230   48.228   39.107 (659)
362 Charleston Southern            3    8  247  457   48.184   54.287 (190)
363 New Haven                      8    2  316  214   48.159   42.794 (538)
364 Edinboro                       7    4  200  207   48.153   46.336 (394)
365 Johns Hopkins                  8    3  394  188   48.129   42.799 (537)
366 Ursinus                        8    2  292  173   48.079   42.558 (547)
367 UW-Stout                       6    4  276  196   48.057   45.966 (409)
368 Bentley                        5    4  260  224   48.053   47.107 (364)
369 St Olaf                        6    4  289  217   48.050   46.063 (404)
370 Louisiana College              7    3  457  377   48.047   45.007 (453)
371 SW Baptist                     7    4  435  330   48.019   45.554 (435)
372 Colby                          4    4  175  197   48.002   48.840 (308)
373 Chicago                        8    2  317  190   47.990   41.643 (575)
374 Gannon                         6    5  240  207   47.987   46.925 (372)
375 VMI                            3    8  174  311   47.831   53.183 (201)
376 Southern Conn St               6    4  341  234   47.829   45.286 (449)
377 DePauw                         9    2  328  263   47.798   42.910 (534)
378 UW-Platteville                 5    5  244  270   47.755   48.241 (321)
379 Case Western Reserve           8    2  283  141   47.656   41.567 (576)
380 Slippery Rock                  6    5  282  226   47.634   46.350 (393)
381 Norfolk St                     6    5  233  213   47.593   47.561 (344)
382 Midland                        8    3  256  175   47.546   42.723 (539)
383 American Int'l                 6    4  253  185   47.277   45.602 (432)
384 Muhlenberg                     7    4  245  215   47.183   44.882 (458)
385 East Central OK                5    6  248  314   47.066   49.030 (302)
386 Otterbein                      6    4  303  224   46.877   44.704 (462)
387 Georgetown DC                  4    7  200  249   46.862   48.964 (304)
388 McMurry                        6    4  379  203   46.848   43.473 (514)
389 Concordia-Moorhead             5    5  250  253   46.828   46.745 (384)
390 UW-Eau Claire                  4    6  202  309   46.780   50.278 (271)
391 Eastern New Mexico             5    6  380  327   46.705   47.236 (352)
392 Webber Int'l                   7    4  269  225   46.699   43.569 (508)
393 Hampden-Sydney                 9    2  364  233   46.620   40.506 (611)
394 Wash & Jeff                    9    2  356  225   46.586   40.703 (603)
395 South Dakota Tech              7    3  245  190   46.409   42.334 (557)
396 Cumberlands KY                 7    4  418  322   46.362   44.133 (489)
397 Fairmont St                    5    6  314  276   46.311   46.301 (396)
398 Lafayette                      2    9  234  298   46.271   51.179 (240)
399 McPherson                     10    1  521  239   46.258   36.542 (712)
400 Minot St                       6    4  220  184   46.157   43.528 (511)
401 Washington U.                  7    3  190  139   46.113   42.337 (556)
402 East Texas Baptist             5    5  245  259   46.061   46.139 (401)
403 Claremont-Mudd-Scripps         7    2  268  201   46.047   41.915 (564)
404 Glenville St                   5    6  268  356   46.032   47.110 (363)
405 Utica                          5    5  321  231   46.031   44.577 (466)
406 St Norbert                     7    4  397  218   46.012   42.978 (532)
407 Rocky Mountain                 6    5  379  337   45.995   45.812 (419)
408 Northern St SD                 2    9  177  316   45.991   52.792 (210)
409 Bowdoin                        3    5  122  230   45.953   50.519 (259)
410 Capital                        5    5  212  287   45.950   47.574 (343)
411 Huntingdon AL                  6    4  372  326   45.896   44.557 (470)
412 Presbyterian                   2    9  223  373   45.821   52.644 (212)
413 Tarleton St                    3    8  236  369   45.759   50.511 (261)
414 Morgan St                      4    7  207  335   45.748   49.788 (286)
415 Whitworth                      5    5  244  240   45.717   45.591 (434)
416 Adams St                       5    6  233  244   45.717   46.803 (382)
417 Alabama A&M                    3    8  221  263   45.706   48.993 (303)
418 Lake Erie                      3    8  264  440   45.653   50.460 (266)
419 John Carroll                   5    5  242  309   45.525   46.618 (388)
420 Georgetown KY                  8    3  504  296   45.522   39.943 (627)
421 Morehead St                    5    6  236  350   45.516   47.801 (337)
422 Clarion                        4    7  233  245   45.502   47.335 (348)
423 Shippensburg                   5    6  288  260   45.470   45.793 (420)
424 Cumberland TN                  8    3  290  207   45.433   40.648 (605)
425 Assumption                     6    5  268  289   45.421   44.848 (460)
426 Missouri Valley                8    2  334  172   45.330   38.203 (682)
427 Lycoming                       6    4  240  194   45.278   43.581 (506)
428 Millsaps                       7    3  323  221   45.265   41.729 (572)
429 UW-La Crosse                   3    7  218  254   45.236   49.187 (300)
430 Moravian                       7    4  206  191   45.195   43.087 (526)
431 West Chester                   4    7  304  358   45.184   48.179 (325)
432 Gettysburg                     6    4  394  326   45.148   43.001 (531)
433 Dakota Wesleyan                5    5  278  217   45.136   44.153 (487)
434 Heidelberg                     5    5  322  318   45.078   45.468 (441)
435 Princeton                      1    9  165  334   45.065   52.537 (213)
436 Grand View                     6    4  294  147   45.047   42.268 (559)
437 Cornell NY                     2    8  124  274   45.046   51.249 (238)
438 St Francis IL                  7    4  339  259   44.992   41.118 (590)
439 St Francis PA                  1   10  177  360   44.933   52.243 (219)
440 Merrimack                      4    6  348  347   44.919   45.522 (437)
441 Millikin                       4    6  219  300   44.907   47.505 (346)
442 Butler                         4    7  202  211   44.905   47.205 (357)
443 Gustavus Adolphus              4    6  185  200   44.894   46.269 (397)
444 SW Oklahoma St                 3    8  185  382   44.878   50.192 (275)
445 Franklin & Marshall            6    5  323  270   44.875   43.297 (517)
446 RPI                            6    4  171  218   44.826   44.243 (483)
447 St Joseph's IN                 5    5  299  304   44.798   45.128 (450)
448 Ottawa                         9    2  451  283   44.751   38.410 (675)
449 SE Oklahoma St                 3    8  300  392   44.715   48.922 (306)
450 SUNY-Maritime                 10    1  329  254   44.692   36.835 (707)
451 Endicott                       9    3  353  238   44.680   39.888 (630)
452 Western New England            9    2  278  183   44.565   39.073 (661)
453 Benedict                       5    6  255  291   44.561   45.648 (428)
454 Southern U.                    2    9  243  372   44.551   50.169 (278)
455 Black Hills St                 6    4  188  176   44.546   42.440 (549)
456 Hastings                       5    5  222  211   44.473   44.219 (484)
457 Urbana                         5    6  355  286   44.460   43.888 (495)
458 Walsh                          7    4  335  226   44.385   40.971 (595)
459 Union KY                       7    4  440  333   44.309   42.141 (561)
460 Bates                          2    6  104  203   44.297   49.663 (289)
461 Taylor                         6    5  267  251   44.294   43.252 (518)
462 Lebanon Valley                 6    5  263  287   44.288   43.860 (498)
463 Brevard                        4    7  317  327   44.249   46.038 (406)
464 Hartwick                       4    5  194  258   44.156   45.596 (433)
465 Virginia St                    8    3  275  172   44.138   39.365 (648)
466 Ohio Dominican                 2    8  171  295   44.097   50.190 (276)
467 Stonehill                      5    5  264  251   44.080   43.187 (520)
468 Framingham St                  9    2  374  242   44.071   38.477 (673)
469 Tufts                          1    7  197  269   44.049   50.726 (253)
470 Shorter                        5    6  293  302   44.048   44.893 (457)
471 Montana Tech                   5    6  266  295   44.003   45.904 (414)
472 Incarnate Word                 3    8  236  416   43.995   49.364 (294)
473 Wilkes                         6    5  261  317   43.993   44.339 (480)
474 Norwich                        8    3  424  202   43.993   38.197 (683)
475 Fayetteville St                5    5  318  244   43.946   42.429 (550)
476 Southern Oregon                3    7  198  274   43.938   47.638 (341)
477 Birmingham-Southern            6    4  346  236   43.885   41.470 (580)
478 East Stroudsburg               3    8  351  271   43.879   46.148 (400)
479 Allegheny                      7    3  251  167   43.863   39.526 (643)
480 Clark Atlanta                  4    6  175  213   43.859   45.612 (431)
481 Marist                         3    8  257  292   43.833   46.777 (383)
482 Randolph-Macon                 7    3  416  254   43.756   38.956 (665)
483 St Ambrose                     5    5  297  179   43.749   41.747 (571)
484 Western New Mexico             4    7  210  329   43.715   47.129 (361)
485 St Lawrence                    5    6  161  247   43.697   45.625 (430)
486 Washington and Lee             8    3  388  273   43.687   39.363 (649)
487 Delaware St                    3    8  272  334   43.667   47.258 (351)
488 Eastern Oregon                 5    6  349  412   43.654   45.743 (424)
489 Mississippi College            4    6  271  314   43.575   45.391 (445)
490 Mesa St                        3    7  205  279   43.564   47.689 (340)
491 Hobart                         5    4  282  226   43.546   42.425 (551)
492 Concordia IL                   8    2  446  247   43.538   36.221 (716)
493 Kean                           5    5  204  189   43.506   43.592 (505)
494 Campbell                       3    8  261  294   43.475   46.838 (379)
495 Centre                         6    4  342  212   43.464   40.806 (599)
496 Central Oklahoma               2    9  356  407   43.424   47.309 (349)
497 Widener                        5    5  240  265   43.421   43.318 (516)
498 Adrian                         5    5  259  206   43.412   43.714 (503)
499 Langston                       6    4  256  209   43.394   41.497 (578)
500 Ripon                          7    3  406  243   43.391   39.489 (644)
501 Elizabeth City St              6    4  291  212   43.348   41.714 (573)
502 Fort Lewis                     3    7  198  337   43.334   48.167 (326)
503 Davidson                       3    8  163  335   43.287   48.282 (319)
504 Bethel TN                      5    5  394  369   43.164   42.342 (555)
505 Upper Iowa                     2    9  205  431   43.123   51.753 (228)
506 Rochester                      4    5  173  221   43.118   44.565 (467)
507 Bridgewater VA                 8    2  324  242   43.025   38.162 (686)
508 Carroll WI                     7    3  256  163   43.018   39.386 (647)
509 Lewis & Clark                  4    5  298  367   43.007   44.552 (471)
510 TAMU-Commerce                  3    8  211  299   42.978   46.910 (374)
511 Minn St-Moorhead               2    9  163  397   42.950   51.971 (225)
512 Missouri S&T                   3    8  206  352   42.849   48.224 (322)
513 Albright                       5    5  287  293   42.787   43.093 (525)
514 Wooster                        5    5  259  184   42.783   41.150 (589)
515 Concordia AL                   4    4  164  222   42.690   44.404 (478)
516 Dixie St                       2    8  146  348   42.650   50.149 (279)
517 Luther                         5    5  235  258   42.611   42.561 (546)
518 Hanover                        7    3  293  292   42.601   39.927 (629)
519 Hamilton                       1    7  127  238   42.539   50.252 (273)
520 North Carolina Wesleyan        7    3  304  142   42.536   37.972 (691)
521 Nebraska Wesleyan              4    6  162  192   42.513   44.415 (476)
522 Texas Lutheran                 4    6  215  366   42.481   44.977 (454)
523 Menlo                          4    7  195  295   42.452   45.965 (410)
524 Baker                          7    4  288  181   42.443   39.061 (662)
525 Augsburg                       4    6  247  312   42.435   45.424 (444)
526 Monmouth IL                    6    4  250  234   42.434   41.078 (592)
527 Chapman                        4    5  204  221   42.400   43.945 (492)
528 McDaniel                       5    5  183  232   42.375   42.644 (544)
529 North Carolina Central         3    8  238  261   42.373   46.929 (371)
530 Maine Maritime                 8    3  488  316   42.370   37.339 (696)
531 Bucknell                       1   10  151  310   42.363   50.739 (251)
532 Waynesburg                     6    4  322  229   42.331   39.874 (632)
533 UW-River Falls                 1    9  169  402   42.308   51.735 (229)
534 Loras                          5    5  156  198   42.305   42.408 (553)
535 Campbellsville                 7    5  407  386   42.185   41.660 (574)
536 Benedictine IL                 8    3  378  246   42.072   36.844 (705)
537 Albion                         5    5  245  279   42.023   42.586 (545)
538 Montana St-Northern            3    7  235  339   42.015   46.252 (398)
539 Salve Regina                   6    4  169  110   41.976   39.412 (646)
540 Benedictine KS                 7    4  307  180   41.957   38.271 (677)
541 Dubuque                        4    6  218  216   41.747   42.253 (560)
542 Seton Hill                     2    9  261  411   41.642   46.986 (369)
543 Savannah St                    1   10  112  441   41.632   52.235 (221)
544 Aurora                         7    3  279  176   41.561   35.690 (721)
545 Muskingum                      3    7  145  284   41.372   46.401 (392)
546 Buffalo St                     4    6  324  318   41.353   43.176 (521)
547 Defiance                       6    4  229  181   41.335   39.161 (657)
548 Occidental                     4    5  211  240   41.293   42.863 (536)
549 Bowie St                       6    4  245  169   41.254   39.078 (660)
550 New Jersey                     5    5  182  205   41.251   41.893 (565)
551 Belhaven                       4    7  310  312   41.166   42.688 (542)
552 Findlay                        1   10  135  349   41.122   50.521 (258)
553 Beloit                         5    5  295  268   41.038   40.652 (604)
554 Carleton                       3    7  251  347   40.974   45.959 (411)
555 Rose-Hulman                    6    4  277  267   40.923   39.040 (663)
556 Curry                          6    4  259  158   40.921   37.900 (692)
557 Sterling                       7    3  277  186   40.856   36.842 (706)
558 Southern Nazarene              7    4  454  375   40.769   37.273 (700)
559 Plymouth St                    6    4  171  142   40.747   38.546 (671)
560 Merchant Marine                4    6  245  280   40.638   41.870 (566)
561 Kentucky Wesleyan              5    6  332  377   40.632   42.692 (541)
562 Austin                         4    5  228  235   40.616   40.602 (609)
563 Jamestown                      5    5  311  267   40.607   40.043 (623)
564 Dickinson                      3    7  227  290   40.589   43.383 (515)
565 Kansas Wesleyan                7    3  468  301   40.586   35.859 (719)
566 Tiffin                         1   10  203  463   40.578   49.566 (290)
567 Trinity TX                     4    6  244  294   40.578   41.987 (562)
568 Greenville                     7    3  313  216   40.524   36.920 (702)
569 St Anselm                      2    8  217  415   40.473   46.420 (391)
570 Illinois College               5    5  285  304   40.415   40.406 (614)
571 Kentucky St                    3    8  202  314   40.324   45.630 (429)
572 Grinnell                       6    4  263  314   40.317   39.639 (640)
573 Grove City                     5    5  194  229   40.211   40.342 (615)
574 Union NY                       2    7  174  250   40.202   44.557 (469)
575 Christopher Newport            6    5  269  277   40.148   40.502 (612)
576 North Carolina A&T             1   10  203  370   40.134   47.592 (342)
577 Doane                          3    7  211  337   40.070   44.659 (463)
578 Mount Ida                      6    5  343  262   40.005   38.177 (685)
579 North Park                     2    8  139  296   39.843   46.844 (378)
580 OK Panhandle St                6    5  222  283   39.832   40.625 (608)
581 Rhodes                         4    6  223  305   39.760   41.388 (581)
582 Carnegie Mellon                4    6  246  290   39.718   41.235 (587)
583 Geneva                         5    5  272  307   39.629   40.024 (624)
584 Faulkner                       3    7  238  397   39.609   43.024 (528)
585 William Paterson               4    6  155  206   39.592   41.972 (563)
586 Buena Vista                    3    7  157  237   39.585   43.727 (500)
587 LaGrange                       3    7  219  335   39.465   43.145 (523)
588 Stillman                       3    8  199  336   39.455   44.413 (477)
589 Concordia NE                   4    7  109  255   39.442   43.891 (494)
590 Lincoln MO                     2    9  219  487   39.398   46.735 (385)
591 Miles                          3    8  152  316   39.386   44.927 (456)
592 Bethany WV                     5    5  253  313   39.373   40.164 (620)
593 Oberlin                        4    6  225  255   39.363   40.956 (596)
594 Mt St Joseph                   5    5  221  205   39.330   39.348 (650)
595 Malone                         3    7  255  222   39.302   42.345 (554)
596 Millersville                   2    9  217  409   39.285   45.494 (438)
597 Friends                        6    4  325  284   39.108   37.017 (701)
598 Western St CO                  1   10  163  389   39.065   48.581 (313)
599 Simon Fraser                   0    9  150  342   38.987   49.879 (284)
600 Marietta                       2    8  200  306   38.958   45.330 (448)
601 Mass Maritime                  5    5  218  209   38.942   38.475 (674)
602 Westfield St                   5    5  205  235   38.899   39.270 (653)
603 Howard                         1   10  198  413   38.842   47.830 (333)
604 Montana-Western                1   10  178  337   38.792   47.187 (359)
605 Simpson                        2    8  137  293   38.776   45.968 (408)
606 Castleton St                   5    4  331  320   38.766   37.298 (699)
607 Wisconsin Lutheran             6    4  225  180   38.712   35.994 (718)
608 Sul Ross St                    1    8  206  418   38.648   46.236 (399)
609 Mississippi Valley St          0   10  103  363   38.614   51.518 (232)
610 Susquehanna                    2    8  204  281   38.488   43.009 (529)
611 Whittier                       2    7  206  291   38.479   43.887 (496)
612 Howard Payne                   2    8  212  381   38.455   44.312 (481)
613 FDU-Florham                    3    7  197  314   38.399   42.270 (558)
614 Emory & Henry                  5    5  244  226   38.223   37.468 (695)
615 Brockport St                   2    8  247  353   38.065   43.505 (512)
616 Virginia Union                 3    7  287  343   38.037   41.357 (584)
617 Puget Sound                    2    7  293  405   38.013   43.800 (499)
618 Chowan                         3    7  187  413   38.005   43.632 (504)
619 St Vincent                     3    7  222  232   37.979   40.307 (617)
620 Catholic                       4    6  256  341   37.946   39.786 (635)
621 Hamline                        1    9  172  420   37.893   47.867 (331)
622 WPI                            3    7  177  182   37.711   40.190 (618)
623 Bacone                         3    8  270  293   37.675   41.318 (585)
624 Iowa Wesleyan                  3    8  216  530   37.653   44.562 (468)
625 Valley City St                 4    6  249  221   37.605   38.677 (668)
626 King's PA                      1    9  190  288   37.523   43.961 (491)
627 Frostburg St                   2    8  148  365   37.449   45.525 (436)
628 La Verne                       1    8  162  301   37.355   45.957 (412)
629 Lakeland                       4    6  239  226   37.311   37.812 (693)
630 Averett                        5    5  223  183   37.310   36.857 (704)
631 Bridgewater St MA              5    5  156  215   37.278   38.184 (684)
632 Hope                           3    7  181  217   37.232   41.053 (594)
633 Notre Dame OH                  2    9  114  311   37.160   44.473 (473)
634 Macalester                     6    3  298  273   37.138   33.797 (725)
635 Denison                        4    6  208  260   37.044   38.919 (666)
636 William Jewell                 4    7  202  256   36.960   39.856 (633)
637 Bluffton                       4    6  187  336   36.876   39.938 (628)
638 Worcester St                   5    5  278  257   36.826   36.305 (714)
639 Pomona-Pitzer                  1    8  196  348   36.711   44.290 (482)
640 Lindsey Wilson                 5    6  285  347   36.656   38.125 (687)
641 St Scholastica                 7    3  251  231   36.635   33.728 (726)
642 Morrisville St                 2    8  213  348   36.607   42.933 (533)
643 Martin Luther                  5    4  249  197   36.550   35.010 (724)
644 New Mexico Highlands           1   10  129  460   36.490   47.229 (354)
645 Trinity Int'l                  3    8  128  352   36.481   43.556 (509)
646 Briar Cliff                    2    9  216  416   36.330   43.874 (497)
647 Cheyney                        1   10  151  466   36.283   46.650 (386)
648 Gallaudet                      3    5  201  164   36.266   36.505 (713)
649 Tabor                          4    6  291  289   36.232   37.305 (698)
650 Crown                          6    3  331  292   36.134   32.942 (728)
651 Anderson                       3    7  265  396   36.091   39.689 (639)
652 Minnesota-Crookston            1   10  106  496   35.919   50.503 (262)
653 Ferrum                         4    6  283  250   35.850   36.703 (710)
654 Maryville                      4    6  153  247   35.839   38.062 (689)
655 Lake Forest                    2    8  183  307   35.722   40.738 (602)
656 Alma                           3    7  192  294   35.712   39.984 (626)
657 Shenandoah                     4    6  187  272   35.636   37.673 (694)
658 Peru St                        4    7  230  344   35.578   38.213 (681)
659 Virginia-Wise                  3    8  283  407   35.548   39.772 (636)
660 Lock Haven                     0   11  137  501   35.465   48.261 (320)
661 West Virginia St               0   10  211  459   35.461   46.834 (380)
662 Edward Waters                  0    8   91  382   35.460   49.337 (295)
663 St Paul's                      2    8  176  277   35.401   41.277 (586)
664 Kalamazoo                      3    7  234  356   35.363   39.605 (641)
665 Evangel                        4    6  231  364   35.354   39.201 (656)
666 Johnson C. Smith               2    8  186  399   35.234   41.829 (567)
667 Lawrence                       2    8  210  368   35.185   40.102 (622)
668 Westminster PA                 2    8  204  285   35.064   39.999 (625)
669 Manchester                     2    8  178  257   35.055   40.120 (621)
670 Central St OH                  1   10  162  398   35.048   43.939 (493)
671 Valparaiso                     0   11  100  514   34.945   49.330 (296)
672 Bethany KS                     4    6  339  377   34.704   36.186 (717)
673 Lane                           0   10  117  317   34.701   47.059 (368)
674 Coast Guard                    2    7  152  259   34.540   39.009 (664)
675 Westminster MO                 5    5  254  209   34.449   33.596 (727)
676 Pace                           0    9  144  418   34.408   45.124 (452)
677 Wilmington                     0   10   82  312   34.408   46.897 (376)
678 UMass-Dartmouth                3    7  119  243   34.299   38.665 (669)
679 Ohio Wesleyan                  2    8  179  300   34.245   40.862 (598)
680 Central Methodist              3    7  161  293   34.094   39.327 (651)
681 Southern Virginia              3    7  196  392   33.993   40.454 (613)
682 Lincoln PA                     1    9  142  313   33.842   41.233 (588)
683 Apprentice                     2    7  131  276   33.813   41.060 (593)
684 Pikeville                      2    8  299  455   33.789   40.642 (606)
685 Pacific OR                     0    9  157  416   33.675   45.734 (425)
686 Southwestern KS                2    8  288  389   33.428   38.011 (690)
687 Cornell IA                     0   10  118  334   33.059   45.884 (415)
688 Texas College                  1    9  132  475   32.843   42.712 (540)
689 Concordia WI                   2    8  140  311   32.832   40.166 (619)
690 Quincy                         0   11  213  529   32.647   47.075 (367)
691 Minnesota-Morris               5    4  286  262   32.622   31.334 (730)
692 Nichols                        1    9  127  241   32.606   39.735 (638)
693 West Virginia Tech             2    9  282  410   32.403   38.390 (676)
694 Waldorf                        3    8  190  411   32.280   38.241 (679)
695 Sewanee                        1    9  116  350   32.250   41.759 (570)
696 Knox                           1    9  102  378   32.033   41.365 (583)
697 St Mary KS                     2    8  222  432   31.813   38.266 (678)
698 Avila                          2    8  162  373   31.517   39.584 (642)
699 Western Conn St                0   10  112  420   31.155   43.532 (510)
700 Fitchburg St                   1    9  150  346   31.139   39.283 (652)
701 Mayville St                    2    8  129  364   30.937   39.230 (655)
702 Methodist                      2    8  164  344   30.913   36.663 (711)
703 Olivet Nazarene                0   11  179  511   30.865   45.362 (447)
704 Dakota St                      0   10  174  424   30.833   44.494 (472)
705 Juniata                        0   10   57  414   30.809   44.375 (479)
706 MIT                            1    8   96  215   30.366   38.591 (670)
707 Hiram                          1    9  155  418   30.149   39.832 (634)
708 Graceland                      1   10  178  372   30.131   40.565 (610)
709 Olivet                         0   10  115  414   30.018   46.310 (395)
710 SW Assem of God                2    8  196  347   29.941   36.764 (708)
711 Husson                         1    9  191  430   29.866   40.332 (616)
712 Greensboro                     2    8  113  318   29.404   35.820 (720)
713 Eureka                         2    8  207  409   28.770   35.655 (722)
714 Culver-Stockton                1   10  162  498   28.695   39.477 (645)
715 Becker                         2    8  133  430   28.584   37.319 (697)
716 Dordt                          0   10   34  385   28.345   45.832 (418)
717 Thiel                          0   10   81  334   28.215   41.379 (582)
718 Kenyon                         0   10   93  306   28.090   41.478 (579)
719 Guilford                       0   10  188  393   27.932   38.488 (672)
720 Kentucky Christian             0   11  199  527   27.868   39.762 (637)
721 Livingstone                    0   11   48  494   26.670   45.127 (451)
722 Northwestern MN                1    8  141  292   26.642   36.705 (709)
723 Maranatha Baptist              1    9   95  373   26.379   36.885 (703)
724 Bethel KS                      0   10  145  494   25.967   38.850 (667)
725 Earlham                        0   10  112  422   25.921   39.153 (658)
726 Anna Maria                     0   10  177  536   25.494   38.067 (688)
727 Haskell                        1    9  108  381   25.478   36.278 (715)
728 Rockford                       0   10   51  315   23.000   38.217 (680)
729 MacMurray                      0   10  160  462   22.861   35.189 (723)
730 Trinity Bible                  0    7   86  303   20.247   32.286 (729)
