Rnk Team                         WON LOST   PF   PA     RATE      SOS
--- ----                         --- ----  ---  ---  -------  -------
  1 Ohio St                       14    0  410  183   82.036   71.561 ( 24)
  2 Miami FL                      12    1  527  248   80.751   70.752 ( 45)
  3 USC                           11    2  465  240   80.667   74.497 (  1)
  4 Oklahoma                      12    2  541  216   80.105   71.484 ( 26)
  5 Georgia                       13    1  450  212   79.839   71.825 ( 18)
  6 Kansas St                     11    2  582  154   79.658   70.292 ( 54)
  7 Texas                         11    2  439  212   78.634   71.703 ( 21)
  8 Iowa                          11    2  484  256   78.077   70.970 ( 40)
  9 Alabama                       10    3  367  200   77.528   71.838 ( 17)
 10 Michigan                      10    3  361  265   77.107   73.185 (  4)
 11 Washington St                 10    3  431  296   76.801   71.714 ( 20)
 12 Notre Dame                    10    3  290  217   76.686   71.920 ( 13)
 13 Maryland                      11    3  451  228   76.603   70.492 ( 50)
 14 Auburn                         9    4  388  231   76.402   71.437 ( 27)
 15 NC State                      11    3  460  238   76.337   69.709 ( 60)
 16 Florida St                     9    5  428  301   76.328   73.644 (  2)
 17 Penn St                        9    4  446  227   76.295   71.909 ( 14)
 18 Colorado                       9    5  398  325   75.632   72.926 (  5)
 19 Virginia Tech                 10    4  429  263   75.238   70.356 ( 52)
 20 Texas Tech                     9    5  537  439   75.199   72.600 (  8)
 21 Boise St                      12    1  593  240   75.014   65.469 (110)
 22 Florida                        8    5  336  279   74.969   72.723 (  7)
 23 Arkansas                       9    5  370  277   74.730   71.855 ( 16)
 24 West Virginia                  9    4  396  302   74.350   70.023 ( 57)
 25 Pittsburgh                     9    4  331  232   74.312   70.590 ( 47)
 26 Virginia                       9    5  402  348   74.162   72.144 ( 10)
 27 UCLA                           8    5  387  326   74.056   72.120 ( 11)
 28 LSU                            8    5  323  238   73.966   71.174 ( 36)
 29 Tennessee                      8    5  296  227   73.688   70.923 ( 41)
 30 Wisconsin                      8    6  372  322   73.646   72.526 (  9)
 31 Boston College                 9    4  392  253   73.618   69.614 ( 61)
 32 South Florida                  9    2  339  204   73.607   66.093 (105)
 33 Oregon St                      8    5  414  267   73.253   70.674 ( 46)
 34 California                     7    5  427  318   73.112   71.166 ( 37)
 35 Minnesota                      8    5  376  319   72.994   70.024 ( 56)
 36 Iowa St                        7    7  404  396   72.940   71.881 ( 15)
 37 Purdue                         7    6  386  288   72.871   71.392 ( 28)
 38 Washington                     7    6  398  342   72.853   71.571 ( 23)
 39 Oklahoma St                    8    5  446  356   72.611   69.892 ( 58)
 40 Arizona St                     8    6  452  407   72.540   71.262 ( 32)
 41 Clemson                        7    6  330  349   72.531   71.971 ( 12)
 42 Mississippi                    7    6  351  331   72.315   71.211 ( 34)
 43 Georgia Tech                   7    6  280  267   72.285   71.494 ( 25)
 44 TCU                           10    2  361  222   72.238   66.263 ( 99)
 45 Nebraska                       7    7  383  335   72.084   71.321 ( 29)
 46 Wake Forest                    7    6  356  327   71.972   71.059 ( 38)
 47 Texas A&M                      6    6  345  280   71.953   70.790 ( 44)
 48 Colorado St                   10    4  418  332   71.950   68.947 ( 65)
 49 Oregon                         7    6  417  362   71.639   70.497 ( 49)
 50 Kentucky                       7    5  385  301   71.315   69.547 ( 62)
 51 Marshall                      11    2  457  315   70.872   65.236 (114)
 52 Missouri                       5    7  360  352   70.755   71.292 ( 30)
 53 N Illinois                     8    4  375  298   70.342   67.581 ( 79)
 54 Toledo                         9    5  495  378   70.329   67.468 ( 85)
 55 Fresno St                      9    5  378  379   70.126   67.880 ( 73)
 56 Illinois                       5    7  346  307   70.099   71.204 ( 35)
 57 South Carolina                 5    7  225  262   70.069   71.698 ( 22)
 58 Hawaii                        10    4  502  389   69.686   66.146 (102)
 59 Air Force                      8    5  440  303   69.645   67.397 ( 87)
 60 Bowling Green                  9    3  490  304   69.594   64.972 (115)
 61 North Texas                    8    5  249  192   69.583   67.756 ( 76)
 62 Cincinnati                     7    7  409  329   69.535   69.284 ( 63)
 63 Miami OH                       7    5  384  325   69.520   67.766 ( 75)
 64 Southern Miss                  7    6  282  238   68.910   67.531 ( 81)
 65 Louisville                     7    6  374  319   68.858   67.925 ( 69)
 66 McNeese St                    13    2  478  273   68.857   62.299 (118)
 67 W Kentucky                    12    3  432  246   68.693   62.288 (119)
 68 Michigan St                    4    8  316  398   68.554   71.256 ( 33)
 69 Arizona                        4    8  227  310   68.294   71.051 ( 39)
 70 Grand Valley St               14    0  654  231   68.266   56.724 (178)
 71 W Illinois                    11    2  470  241   68.179   60.328 (128)
 72 UCF                            7    5  391  315   67.962   65.523 (109)
 73 Tulane                         8    5  361  282   67.957   65.591 (108)
 74 North Carolina                 3    9  223  421   67.844   72.761 (  6)
 75 Stanford                       2    9  225  377   67.749   73.317 (  3)
 76 Utah                           5    6  249  226   67.400   67.597 ( 78)
 77 New Mexico                     7    7  341  358   67.335   67.368 ( 88)
 78 Connecticut                    6    6  373  270   67.163   66.229 (100)
 79 Temple                         4    8  242  351   67.090   70.353 ( 53)
 80 Syracuse                       4    8  347  406   66.988   69.819 ( 59)
 81 New Mexico St                  7    5  327  328   66.854   66.373 ( 98)
 82 UNLV                           5    7  292  366   66.235   67.878 ( 74)
 83 Ball St                        6    6  278  333   66.020   66.443 ( 96)
 84 Nevada                         5    7  331  371   65.877   67.273 ( 90)
 85 San Jose St                    6    7  376  467   65.817   67.498 ( 83)
 86 Brigham Young                  5    7  272  333   65.793   67.449 ( 86)
 87 Mississippi St                 3    9  227  339   65.743   70.396 ( 51)
 88 Northwestern                   3    9  272  493   65.736   71.263 ( 31)
 89 East Carolina                  4    8  335  399   65.695   68.296 ( 67)
 90 San Diego St                   4    9  309  411   65.666   68.820 ( 66)
 91 Ga Southern                   11    3  493  190   65.583   59.549 (145)
 92 Penn                           9    1  363  132   65.541   57.339 (170)
 93 Houston                        5    7  320  393   65.511   67.309 ( 89)
 94 Vanderbilt                     2   10  221  368   65.485   71.799 ( 19)
 95 Villanova                     11    4  448  278   65.452   61.360 (120)
 96 Duke                           2   10  227  353   65.234   70.853 ( 43)
 97 Indiana                        3    9  258  445   65.218   70.876 ( 42)
 98 W Michigan                     4    8  303  330   64.926   67.523 ( 82)
 99 Montana                       11    3  441  260   64.748   59.670 (141)
100 UAB                            5    7  268  370   64.496   66.681 ( 92)
101 Northeastern                  10    3  403  208   64.480   59.358 (148)
102 Utah St                        4    7  305  432   64.087   67.477 ( 84)
103 Memphis                        3    9  303  327   64.050   67.151 ( 91)
104 Louisiana Tech                 4    8  320  426   63.732   67.545 ( 80)
105 Maine                         11    3  343  216   63.660   58.569 (156)
106 Ohio                           4    8  299  374   63.637   66.646 ( 93)
107 N Colorado                    12    2  369  236   63.489   56.809 (176)
108 Middle Tenn St                 4    8  297  332   63.443   66.519 ( 94)
109 C Washington                  11    1  442  208   63.164   54.382 (210)
110 C Michigan                     4    8  267  384   63.154   66.100 (104)
111 Rice                           4    7  253  296   63.076   65.239 (113)
112 Arkansas St                    6    7  259  361   63.065   63.560 (116)
113 Massachusetts                  8    4  327  250   63.003   59.327 (149)
114 Akron                          4    8  325  379   62.975   66.037 (107)
115 Idaho St                       8    3  331  188   62.751   58.277 (159)
116 Baylor                         3    9  202  496   62.730   70.580 ( 48)
117 LA Lafayette                   3    9  203  352   62.679   67.608 ( 77)
118 LA Monroe                      3    9  236  451   62.678   68.077 ( 68)
119 Furman                         8    4  365  255   62.574   59.156 (151)
120 E Illinois                     8    4  424  414   62.418   60.242 (129)
121 Valdosta St                   14    1  500  236   62.311   53.244 (221)
122 Wofford                        9    3  298  197   62.244   57.520 (166)
123 Wyoming                        2   10  288  432   62.236   67.904 ( 71)
124 Mt Union                      14    0  654  180   62.042   47.615 (325)
125 Idaho                          2   10  285  428   62.025   67.919 ( 70)
126 NW Missouri                   12    1  396  190   61.929   53.189 (222)
127 Appalachian St                 8    4  314  273   61.910   59.463 (147)
128 Navy                           2   10  290  436   61.891   67.899 ( 72)
129 Illinois St                    6    5  249  250   61.835   60.879 (126)
130 UC Davis                       9    3  368  223   61.585   56.784 (177)
131 Youngstown St                  7    4  215  201   61.564   60.000 (133)
132 Kansas                         2   10  248  507   61.406   69.208 ( 64)
133 William & Mary                 6    5  326  284   61.334   60.494 (127)
134 Montana St                     7    6  298  282   61.328   60.913 (125)
135 Delaware                       6    6  291  227   61.064   59.732 (139)
136 Northwestern LA                9    4  359  283   61.052   58.484 (157)
137 Fordham                       10    3  418  225   60.885   54.911 (201)
138 Troy St                        4    8  218  252   60.813   63.418 (117)
139 St Cloud                       9    2  414  196   60.653   54.101 (211)
140 SMU                            3    9  207  378   60.482   66.418 ( 97)
141 Portland St                    6    5  236  245   60.386   60.062 (132)
142 Lehigh                         8    4  319  216   60.334   57.738 (165)
143 E Michigan                     3    9  286  566   60.254   66.041 (106)
144 Nicholls St                    7    4  283  195   60.242   57.797 (164)
145 Harvard                        7    3  267  230   60.229   57.454 (168)
146 E Kentucky                     8    4  383  220   60.087   55.591 (191)
147 E Washington                   6    5  365  276   60.080   58.712 (152)
148 Colgate                        9    3  301  216   60.011   56.425 (181)
149 N Arizona                      6    5  252  284   59.984   59.787 (137)
150 SF Austin                      6    5  322  245   59.859   58.652 (154)
151 Saginaw Val                    9    3  479  224   59.825   54.904 (202)
152 Kent                           3    9  202  424   59.777   66.136 (103)
153 Murray St                      7    5  382  351   59.749   58.137 (161)
154 Carson Newman                 12    1  567  243   59.731   49.289 (295)
155 Richmond                       4    7  199  202   59.678   61.174 (122)
156 N Iowa                         5    6  227  286   59.643   61.242 (121)
157 Hofstra                        6    6  270  255   59.620   59.543 (146)
158 Indiana St                     5    7  226  318   59.525   61.033 (123)
159 Indiana PA                    11    2  431  298   59.475   53.036 (227)
160 C Missouri                    10    2  459  190   59.418   49.052 (302)
161 Rutgers                        1   11  167  397   59.285   70.245 ( 55)
162 SE Missouri St                 8    4  416  349   59.240   56.180 (183)
163 Findlay                        9    2  294  295   59.180   54.932 (200)
164 Bethune-Cookman               11    2  407  200   59.084   52.260 (233)
165 Texas-El Paso                  2   10  220  511   58.560   66.449 ( 95)
166 CW Post                       11    1  394  154   58.479   47.590 (326)
167 Princeton                      6    4  226  236   58.345   57.514 (167)
168 Jacksonville St                5    6  229  298   58.233   59.761 (138)
169 Gardner Webb                   9    1  278  204   58.231   51.507 (243)
170 Tulsa                          1   11  233  417   58.199   66.150 (101)
171 SW Missouri St                 4    7  255  294   58.111   60.115 (131)
172 James Madison                  5    7  196  272   58.004   59.968 (134)
173 Lafayette                      7    5  303  270   57.987   55.998 (187)
174 Buffalo                        1   11  214  416   57.876   65.456 (111)
175 Yale                           6    4  257  188   57.871   56.126 (184)
176 Williams                       7    1  262  130   57.853   49.053 (300)
177 MN Duluth                     11    1  539  216   57.638   45.824 (368)
178 W Carolina                     5    6  279  294   57.474   58.690 (153)
179 CS Sacramento                  5    7  325  380   57.236   58.599 (155)
180 TX A&M K'ville                10    3  400  217   57.188   51.324 (245)
181 S Illinois                     4    8  414  360   57.112   58.007 (163)
182 South Dakota St                6    4  267  224   56.941   55.495 (193)
183 New Hampshire                  3    8  199  345   56.902   60.956 (124)
184 Army                           1   11  226  491   56.886   65.278 (112)
185 Sam Houston St                 4    7  197  313   56.816   59.968 (135)
186 Trinity CT                     7    1  186  110   56.722   49.535 (289)
187 Duquesne                      11    1  397  115   56.636   45.329 (383)
188 Linfield                      10    1  482  153   56.611   46.883 (341)
189 SW Texas St                    4    7  211  290   56.577   59.667 (142)
190 Grambling                     11    2  506  355   56.468   50.211 (271)
191 Dayton                        11    1  423  118   56.417   45.755 (371)
192 Carroll MT                    12    2  400  206   56.343   48.918 (305)
193 Northwood MI                   7    4  350  310   56.293   54.809 (206)
194 St Mary's                      6    6  318  267   56.292   55.586 (192)
195 VMI                            6    6  314  415   56.168   56.670 (179)
196 Citadel                        3    9  305  338   56.120   59.714 (140)
197 NE Omaha                       6    5  263  296   56.051   56.111 (185)
198 Trinity TX                    14    1  665  295   55.952   44.920 (393)
199 Hampton                        7    5  405  250   55.862   53.349 (220)
200 Towson                         6    5  285  245   55.824   54.844 (203)
201 Wabash                        12    1  491  199   55.805   41.075 (514)
202 Amherst                        6    2  191  124   55.519   50.956 (257)
203 Catawba                        8    3  300  208   55.495   50.537 (263)
204 Tennessee Tech                 5    7  328  333   55.460   56.957 (173)
205 Pittsburg St                   8    3  408  177   55.454   49.387 (293)
206 Emporia St                     9    3  304  222   55.423   51.072 (252)
207 W Washington                   6    4  291  214   55.421   53.169 (224)
208 John Carroll                  12    2  476  199   55.346   46.091 (363)
209 N Michigan                     6    5  287  325   55.238   55.039 (198)
210 Rhode Island                   3    9  187  389   55.185   60.186 (130)
211 North Dakota                   5    6  295  211   55.099   54.061 (212)
212 C Arkansas                     8    3  412  233   55.064   50.297 (268)
213 Weber St                       3    8  266  309   54.971   58.068 (162)
214 E Tennessee St                 4    8  167  286   54.850   59.253 (150)
215 Augustana SD                   7    4  220  218   54.808   52.228 (234)
216 Holy Cross                     4    8  293  344   54.806   57.021 (172)
217 Cal Poly SLO                   3    8  247  302   54.756   58.346 (158)
218 Florida A&M                    7    5  321  319   54.712   55.197 (196)
219 S Oregon                       8    3  334  206   54.466   49.519 (291)
220 Dartmouth                      3    7  247  295   54.446   57.243 (171)
221 W Oregon                       5    5  257  307   54.381   54.417 (208)
222 Jackson St                     7    4  330  267   54.337   52.176 (236)
223 NE Kearney                     9    2  349  206   54.291   48.081 (315)
224 Bentley                       10    1  346  145   54.227   43.288 (443)
225 St John's MN                  12    2  526  243   54.199   44.612 (407)
226 S Carolina St                  7    5  321  212   54.112   51.928 (239)
227 Sioux Falls                   12    1  463  126   54.073   43.026 (453)
228 Alabama A&M                    8    4  261  217   54.068   51.477 (244)
229 Cornell                        4    6  169  292   54.021   56.846 (175)
230 S Arkansas                     7    4  372  292   54.017   51.958 (238)
231 Ferris St                      5    5  210  198   54.002   53.693 (218)
232 Morgan St                      7    5  364  345   53.979   52.495 (230)
233 Midwest TX St                  7    4  329  211   53.977   50.776 (258)
234 Harding                        9    2  333  248   53.946   49.349 (294)
235 Georgetown KY                 12    2  475  162   53.666   44.763 (404)
236 MO Western                     6    5  242  184   53.542   51.995 (237)
237 Indianapolis                   5    6  276  287   53.533   54.035 (213)
238 Baldwin-Wallace                8    2  381  135   53.515   44.834 (401)
239 M Hardin-Baylor               10    1  446  180   53.499   43.227 (445)
240 Tarleton St                    9    2  402  192   53.435   45.479 (380)
241 New Haven                      4    6  245  283   53.407   55.342 (194)
242 Chadron St                     8    2  336  159   53.400   47.966 (318)
243 FL Atlantic                    2    9  176  339   53.381   59.932 (136)
244 Chattanooga                    2   10  232  377   53.379   59.656 (143)
245 Howard                         6    5  243  286   53.366   53.163 (225)
246 MN Mankato                     4    7  247  332   53.246   56.040 (186)
247 Azusa Pacific                  8    1  313  150   53.243   45.224 (384)
248 Florida Intl                   5    6  241  228   53.201   53.831 (215)
249 Hillsdale                      4    7  312  306   53.190   55.091 (197)
250 Brown                          2    8  222  278   53.183   57.387 (169)
251 Samford                        4    7  285  385   53.113   55.281 (195)
252 Bloomsburg                     8    2  300  191   52.963   46.543 (347)
253 Wittenberg                    10    2  533  163   52.924   39.791 (559)
254 NW Oklahoma St                10    1  533  132   52.834   39.359 (574)
255 Wheaton IL                    10    2  496  196   52.756   44.066 (422)
256 Abilene Chr                    6    4  234  224   52.491   51.318 (246)
257 Southern Univ                  6    6  279  296   52.471   53.361 (219)
258 Middlebury                     4    4  192  138   52.369   50.628 (260)
259 Presbyterian                   8    3  251  154   52.314   47.181 (335)
260 Ouachita                       5    5  277  280   52.290   52.425 (232)
261 McKendree IL                  11    2  345  188   52.273   44.961 (391)
262 Michigan Tech                  3    7  229  312   52.224   55.907 (188)
263 Tuskegee                      10    1  280  174   52.175   45.549 (376)
264 Albany NY                      8    4  357  245   52.115   48.366 (312)
265 Truman St                      6    5  363  282   52.079   50.974 (255)
266 Wesleyan CT                    5    3  148  158   52.012   49.829 (281)
267 Georgetown                     5    6  190  345   51.995   53.835 (214)
268 Bridgewater VA                11    1  461  164   51.990   40.728 (527)
269 MT Western                     9    3  309  290   51.987   48.730 (308)
270 Slippery Rock                  7    4  238  183   51.930   49.668 (284)
271 Alcorn St                      6    5  280  283   51.906   51.315 (247)
272 Fayetteville St               10    2  320  180   51.584   44.297 (415)
273 Clarion                        7    4  298  227   51.553   49.462 (292)
274 Elon                           4    7  249  352   51.527   54.433 (207)
275 WI Eau Claire                  8    2  267  194   51.525   46.809 (342)
276 Columbia                       1    9  161  295   51.518   58.252 (160)
277 E New Mexico                   8    3  339  245   51.514   47.802 (321)
278 NC A&T                         4    8  281  271   51.509   53.178 (223)
279 Bucknell                       2    9  163  254   51.487   56.229 (182)
280 South Dakota                   3    8  194  237   51.483   54.810 (205)
281 S Utah                         1   10  202  427   51.483   59.637 (144)
282 Tusculum                       7    4  321  165   51.441   47.772 (322)
283 Wayne St MI                    3    8  279  394   51.412   55.808 (189)
284 North Dakota St                2    8  203  287   51.300   56.439 (180)
285 WI Stout                       7    3  285  157   51.052   46.543 (348)
286 Winona St                      8    4  471  273   51.040   45.841 (367)
287 SW Oklahoma                    7    4  221  220   50.965   48.724 (309)
288 Alabama St                     6    6  337  276   50.913   49.931 (276)
289 Hanover                       10    1  482  198   50.883   40.623 (529)
290 Wartburg                      10    2  406  144   50.877   41.956 (493)
291 Morehead St                    9    3  347  218   50.851   46.238 (357)
292 E Stroudsburg                  8    2  296  185   50.745   44.894 (394)
293 Shippensburg                   6    5  266  207   50.731   49.832 (279)
294 Henderson St                   5    6  216  376   50.557   52.212 (235)
295 Liberty                        2    9  230  364   50.544   56.883 (174)
296 SE Oklahoma                    7    3  247  215   50.497   47.825 (319)
297 Albany GA                      7    4  320  164   50.479   47.108 (338)
298 St Francis IN                 11    1  507  272   50.478   42.763 (464)
299 Delta St                       4    7  269  284   50.429   52.691 (228)
300 Tennessee St                   2   10  308  403   50.245   54.838 (204)
301 Augustana IL                   7    2  348  132   50.067   42.869 (460)
302 Dickinson St ND                9    2  405  162   50.038   40.539 (534)
303 N Alabama                      4    7  338  346   50.032   51.750 (242)
304 Concordia St Paul              9    2  388  238   49.875   43.700 (434)
305 Norfolk St                     5    6  209  286   49.856   51.172 (249)
306 Coe College                   10    2  368  170   49.838   40.804 (525)
307 WI LaCrosse                    7    4  300  262   49.832   47.985 (317)
308 Fort Valley St                 7    4  253  183   49.779   47.421 (333)
309 Delaware St                    4    8  218  313   49.727   52.425 (231)
310 Colby                          4    4  135  120   49.722   49.053 (300)
311 Stony Brook                    8    2  232  118   49.626   43.755 (432)
312 MO Southern                    5    6  315  327   49.619   49.558 (288)
313 Mary ND                        9    2  318  159   49.548   40.991 (517)
314 MS Valley St                   5    6  241  260   49.538   49.895 (277)
315 Mars Hill                      7    4  269  191   49.492   46.605 (345)
316 S Connecticut                  8    3  361  220   49.399   43.727 (433)
317 Howard Payne                   9    1  378  205   49.386   41.425 (504)
318 Whitworth                      7    3  272  189   49.383   45.675 (373)
319 Tufts                          3    5  161  129   49.359   49.829 (280)
320 W Alabama                      5    6  280  337   49.343   50.771 (259)
321 Sacred Heart                   7    3  241  129   49.281   45.051 (387)
322 TX Southern                    4    7  314  277   49.228   50.008 (274)
323 W Georgia                      3    8  261  302   49.157   52.507 (229)
324 Arkansas Tech                  4    7  161  253   49.090   51.796 (241)
325 WI Whitewater                  5    5  222  249   49.029   49.653 (285)
326 WI Stevens Pt                  6    4  235  245   48.935   48.038 (316)
327 Davidson                       7    3  320  227   48.904   44.949 (392)
328 Mesa St                        5    6  305  303   48.890   49.289 (296)
329 Alma                           9    2  378  215   48.870   42.917 (458)
330 San Diego                      5    5  297  309   48.841   49.104 (299)
331 C Oklahoma                     5    6  296  244   48.778   48.553 (311)
332 Tri-State IN                   6    3  223  137   48.671   44.398 (411)
333 Stillman                       8    2  373  203   48.663   42.162 (485)
334 St Ambrose                     8    3  306  194   48.465   43.463 (440)
335 Minot St                       9    2  423  241   48.446   40.553 (533)
336 Willamette                     6    4  375  300   48.412   46.353 (352)
337 Central Iowa                   8    2  269   99   48.321   41.084 (512)
338 Colorado Mines                 7    4  365  284   48.321   44.882 (395)
339 Ark Monticello                 2    8  191  352   48.305   53.723 (217)
340 Redlands                       7    3  301  227   48.282   44.175 (418)
341 Edinboro                       5    6  253  260   48.271   48.965 (304)
342 Muhlenberg                    10    2  428  163   48.250   41.236 (508)
343 East Central OK                3    8  242  260   48.203   51.052 (253)
344 Ashland                        2    9  191  334   48.127   53.734 (216)
345 DePauw                         7    3  307  232   48.106   44.533 (409)
346 Drake                          5    6  355  429   48.032   50.080 (273)
347 Western St CO                  5    6  290  292   47.982   48.642 (310)
348 Shepherd                       7    3  282  176   47.975   44.083 (421)
349 St Xavier IL                   9    3  400  157   47.945   40.467 (536)
350 Washburn                       3    8  279  372   47.918   51.905 (240)
351 Mercyhurst                     2    9  159  388   47.904   55.023 (199)
352 Hardin-Simmons                 8    2  362  230   47.871   42.055 (487)
353 Pac Lutheran                   5    4  286  193   47.856   45.551 (375)
354 NE Oklahoma                    4    7  233  336   47.847   50.304 (267)
355 Capital                        6    4  290  179   47.827   45.487 (378)
356 Humboldt St                    1   10  182  376   47.751   55.766 (190)
357 Miles College                  6    5  239  241   47.620   47.327 (334)
358 Rowan                         10    1  373  134   47.598   37.757 (600)
359 Wagner                         7    4  232  134   47.580   44.858 (398)
360 Walsh OH                       8    3  311  168   47.511   43.043 (452)
361 McDaniel                       9    2  267  121   47.462   39.818 (558)
362 California PA                  6    5  245  228   47.417   46.354 (351)
363 Wooster                        8    2  322  173   47.403   39.942 (556)
364 West Chester St                5    6  279  240   47.378   47.462 (330)
365 Bemidji St                     6    5  310  266   47.050   45.046 (388)
366 Merrimack                      6    4  157  152   47.006   46.088 (364)
367 Bates                          3    5  128  160   47.000   49.535 (289)
368 Concordia Mhd                  7    3  318  192   46.952   41.648 (500)
369 Morehouse                      6    5  219  180   46.944   46.153 (361)
370 Ohio Northern                  5    5  265  217   46.811   46.189 (359)
371 Adams St                       5    6  245  254   46.737   47.584 (327)
372 Lock Haven                     4    7  222  302   46.662   49.234 (298)
373 Hastings                       7    3  337  208   46.464   42.456 (478)
374 Virginia St                    7    3  216  139   46.449   42.551 (473)
375 Marist                         7    4  282  230   46.396   44.095 (420)
376 Ark Pine Bluff                 3    8  284  368   46.370   49.818 (282)
377 Hampden-Sydney                 8    2  327  187   46.322   40.156 (551)
378 MacMurray                     10    1  288  132   46.245   34.524 (652)
379 WI Oshkosh                     4    6  205  225   46.207   47.454 (331)
380 WV Wesleyan                    7    4  315  233   46.183   43.495 (438)
381 SW Baptist                     3    8  192  297   46.163   50.558 (262)
382 SUNY Brockport                10    3  277  122   46.162   40.027 (554)
383 St Anselm's                    5    5  225  225   46.100   46.179 (360)
384 Fort Hays St                   5    6  300  373   46.078   47.441 (332)
385 MT Tech                        4    7  222  260   46.021   49.051 (303)
386 WI River Falls                 3    7  174  253   46.014   49.288 (297)
387 King's PA                      9    3  313  139   45.958   40.570 (532)
388 American Intl                  5    6  244  262   45.879   47.728 (323)
389 Tenn Martin                    2   10  186  459   45.865   54.391 (209)
390 Bowie St                       6    5  179  156   45.823   44.050 (424)
391 WV Tech                        6    5  331  357   45.820   45.482 (379)
392 Bryant                         5    6  208  238   45.772   47.027 (339)
393 Austin Peay                    7    5  287  333   45.737   45.759 (370)
394 Virginia Union                 6    4  219  170   45.679   43.909 (430)
395 Central Conn                   5    6  139  251   45.658   48.792 (307)
396 Angelo St                      2    8  164  273   45.586   50.433 (265)
397 Millikin                       7    3  381  194   45.567   41.066 (515)
398 TX A&M Commerce                2    8  161  271   45.472   50.284 (270)
399 G. Adolphus                    6    4  270  205   45.371   42.428 (480)
400 Doane                          7    3  271  197   45.342   41.990 (491)
401 Widener                        9    1  361  197   45.340   38.379 (592)
402 Butler                         4    6  294  374   45.282   47.561 (329)
403 Wingate                        5    6  230  274   45.217   46.494 (350)
404 Johns Hopkins                  9    2  270  178   45.163   40.030 (553)
405 Ft Lewis                       3    8  406  566   45.144   49.799 (283)
406 Charleston So                  4    8  189  327   45.123   49.837 (278)
407 E Texas Bap                    6    4  227  192   45.092   43.004 (454)
408 Gannon                         5    5  292  247   45.011   44.526 (410)
409 W Salem St                     4    6  231  188   44.937   45.875 (365)
410 SUNY Cortland                  9    2  326  162   44.865   36.756 (615)
411 Moorhead St                    5    5  321  304   44.844   44.298 (414)
412 Thomas More                    7    3  255  169   44.763   40.275 (546)
413 IL Wesleyan                    6    4  313  243   44.722   42.496 (475)
414 Hobart Smith                   8    2  276  161   44.690   39.119 (576)
415 Concordia WI                   8    2  359  114   44.651   34.942 (649)
416 W Liberty                      6    5  317  234   44.632   42.713 (467)
417 Monmouth NJ                    2    8  115  177   44.595   49.583 (286)
418 WI Platteville                 2    7  255  285   44.562   47.568 (328)
419 Lenoir Rhyne                   3    7  223  296   44.490   48.212 (313)
420 St Peter's                     6    5  234  207   44.417   44.847 (399)
421 Kentucky St                    3    8  264  364   44.270   48.893 (306)
422 Campbellsville                 6    4  367  245   44.259   42.047 (488)
423 Northwestern IA                6    4  295  276   44.247   43.065 (450)
424 W New Mexico                   2    7  219  383   44.245   50.517 (264)
425 Hope                           5    5  268  314   44.147   44.551 (408)
426 Cumberland TN                  6    5  217  179   44.145   43.825 (431)
427 Northern St SD                 4    7  308  338   44.052   46.571 (346)
428 Mid Am Nazarene                9    2  395  178   43.966   36.716 (616)
429 Rocky Mountain                 2    8  181  290   43.941   49.980 (275)
430 Menlo                          5    5  253  288   43.788   43.961 (428)
431 Kutztown                       4    7  213  247   43.787   45.403 (382)
432 Millersville                   3    7  179  248   43.763   47.639 (324)
433 Jacksonville                   3    7  185  314   43.755   47.819 (320)
434 Geneva                         7    5  259  260   43.710   42.633 (470)
435 Concordia Neb                  5    5  245  274   43.694   44.153 (419)
436 St Thomas MN                   5    5  326  259   43.681   41.847 (494)
437 Bethel MN                      5    5  279  263   43.626   42.482 (476)
438 NE Wesleyan                    6    4  255  214   43.612   41.531 (503)
439 Saint Norbert                  9    1  424  199   43.560   35.662 (641)
440 Valley City St                 7    3  243  155   43.366   38.544 (588)
441 Hartwick                       8    2  386  164   43.318   35.319 (645)
442 Lane                           4    7  206  332   43.258   46.286 (356)
443 Claremont M.S.                 7    2  258  183   43.246   38.710 (583)
444 Wash & Jeff                    9    3  363  250   43.178   39.376 (573)
445 Tiffin                         2    8  295  401   43.175   48.141 (314)
446 Glenville St                   4    7  259  362   43.102   46.210 (358)
447 Ithaca                         7    3  230  137   43.101   38.564 (587)
448 Morris Brown                   1   11  225  431   43.065   51.311 (248)
449 Anderson IN                    7    3  333  253   42.931   38.308 (593)
450 Albion                         5    5  212  240   42.817   42.981 (455)
451 Moravian                       7    4  234  180   42.800   39.942 (555)
452 Robert Morris                  3    7  128  227   42.700   46.697 (343)
453 Lycoming                       6    3  298  132   42.681   38.184 (594)
454 Washington MO                  6    4  247  234   42.678   41.970 (492)
455 Trinity IL                     6    5  165  149   42.624   42.061 (486)
456 Lambuth                        6    4  272  283   42.614   41.799 (496)
457 Bowdoin                        1    7  140  270   42.610   50.628 (260)
458 Cal Lutheran                   4    5  201  217   42.599   43.612 (435)
459 Mass-Lowell                    3    8  232  358   42.453   47.168 (336)
460 Centre                         6    4  236  214   42.444   39.774 (560)
461 Lake Forest                    9    2  273  175   42.439   34.989 (648)
462 Kalamazoo                      5    5  335  267   42.431   40.947 (518)
463 Fairfield                      5    6  210  266   42.351   44.866 (397)
464 Simpson                        6    4  296  255   42.326   40.944 (519)
465 Olivet MI                      5    4  257  191   42.207   40.718 (528)
466 E Oregon                       1    9  173  356   42.168   50.378 (266)
467 Allegheny                      5    5  231  204   42.085   40.925 (520)
468 Malone                         4    6  245  196   41.925   42.836 (461)
469 Benedictine KS                 9    3  327  180   41.841   36.489 (623)
470 Quincy                         4    7  312  482   41.801   45.647 (374)
471 Pace                           3    7  123  250   41.797   46.609 (344)
472 MT St Northern                 1    9  141  357   41.692   50.109 (272)
473 Adrian                         6    4  264  240   41.654   40.587 (531)
474 Westminster PA                 6    4  200  205   41.565   40.459 (537)
475 Iona                           5    6  156  243   41.552   43.385 (441)
476 Prairie View                   1   10  123  413   41.544   51.144 (251)
477 Benedict                       2    9  156  275   41.536   47.142 (337)
478 Missouri-Rolla                 0   11  153  429   41.418   53.048 (226)
479 Olivet Naz                     4    6  207  254   41.370   43.099 (449)
480 Mansfield                      3    7  190  205   41.315   43.954 (429)
481 College of NJ                  6    3  267  196   41.224   37.338 (602)
482 Randolph Macon                 6    4  155  172   41.210   39.580 (567)
483 Lincoln MO                     4    7  194  329   41.195   45.004 (389)
484 NC Central                     4    6  138  181   41.192   43.354 (442)
485 Wilkes                         7    4  280  225   41.151   38.802 (582)
486 Edward Waters                  3    3  103  140   41.149   40.368 (542)
487 Morningside                    5    5  213  286   41.148   42.033 (489)
488 St Francis PA                  2    8  101  229   41.074   46.908 (340)
489 Muskingum                      3    7  178  292   41.052   46.348 (353)
490 Savannah St                    1    9  106  341   41.022   51.037 (254)
491 SW Minnesota                   4    7  252  355   41.001   44.721 (405)
492 Pomona Pitzer                  4    4  131  209   40.984   42.591 (471)
493 RPI                            8    2  360  209   40.968   34.544 (650)
494 Belhaven MS                    5    6  227  258   40.929   41.795 (497)
495 Ripon                          7    3  363  231   40.806   36.034 (631)
496 Sewanee                        5    5  219  294   40.798   41.633 (501)
497 Paul Quinn                     4    2  188  120   40.766   35.803 (636)
498 Louisiana Col                  4    6  268  307   40.756   42.481 (477)
499 Cumberland KY                  4    6  180  155   40.701   42.400 (481)
500 Wash & Lee                     5    5  166  223   40.670   41.203 (510)
501 Frostburg St                   6    5  352  226   40.657   38.381 (591)
502 Evangel                        8    3  380  289   40.589   36.284 (627)
503 W Texas A&M                    0   11  144  403   40.586   51.158 (250)
504 Occidental                     5    4  234  216   40.542   39.532 (568)
505 Pikeville                      5    5  229  238   40.537   40.858 (522)
506 Midland Luth                   4    7  206  255   40.494   43.141 (447)
507 N Central IL                   6    4  225  281   40.488   39.659 (564)
508 Austin Col                     4    6  173  277   40.455   44.013 (425)
509 Fairmont St                    3    7  154  256   40.416   44.293 (416)
510 Springfield                    8    2  365  175   40.255   33.260 (659)
511 Mississippi Col                4    6  201  249   40.195   42.313 (482)
512 St John Fisher                 6    4  300  231   40.158   37.209 (605)
513 St Josephs IN                  4    7  201  392   40.141   44.773 (402)
514 Loras                          5    5  259  250   40.122   40.512 (535)
515 Clark Atlanta                  2    9  113  294   40.114   46.323 (355)
516 Bacone                         6    5  259  323   40.082   38.931 (578)
517 Chapman                        3    7  234  372   40.081   44.319 (413)
518 St Olaf                        5    5  315  231   40.080   38.654 (584)
519 Carthage                       4    6  288  247   40.069   41.208 (509)
520 Juniata                        5    5  309  325   40.023   39.653 (565)
521 Newberry                       1   10  149  388   39.945   50.285 (269)
522 Livingstone                    3    7  164  241   39.904   44.054 (423)
523 Wayne St NB                    3    8  167  310   39.846   45.133 (385)
524 JC Smith                       2    8  150  263   39.817   44.871 (396)
525 Catholic                       4    6  245  303   39.711   42.516 (474)
526 Stonehill                      2    9  218  287   39.700   44.764 (403)
527 Missouri Valley                8    2  285  285   39.645   35.593 (642)
528 William Penn                   4    7  153  225   39.617   42.788 (463)
529 Jamestown                      5    5  218  194   39.541   40.264 (548)
530 Wilmington OH                  3    7  170  322   39.522   45.848 (366)
531 Carnegie Mellon                5    5  223  199   39.518   38.945 (577)
532 Case Reserve                   6    4  371  291   39.490   36.679 (618)
533 Dickinson                      5    5  147  190   39.484   40.429 (539)
534 Montclair St                   5    5  235  192   39.349   38.177 (595)
535 Aurora                         5    4  308  187   39.343   35.690 (639)
536 NM Highlands                   0   10  206  533   39.262   49.579 (287)
537 Susquehanna                    5    5  287  305   39.225   39.622 (566)
538 Siena                          3    7  112  194   39.217   44.227 (417)
539 Northwestern MN                8    2  282  114   39.190   29.350 (679)
540 Lewis & Clark                  3    6  200  238   39.162   42.215 (484)
541 Dakota Wesleyan                3    7  185  287   39.119   42.915 (459)
542 Rhodes                         4    6  296  291   39.080   40.614 (530)
543 S Nazarene                     7    3  192  147   39.003   35.682 (640)
544 Rose Hulman                    3    7  199  298   38.987   43.274 (444)
545 Laverne                        3    5  113  219   38.972   42.585 (472)
546 Salisbury St                   9    2  309  191   38.898   31.804 (669)
547 Kings Pt                       8    3  234  201   38.718   34.116 (655)
548 Millsaps                       3    6  142  218   38.690   42.754 (465)
549 Frank & Marsh                  4    6  157  224   38.628   40.439 (538)
550 Valparaiso                     1   10  268  498   38.619   46.515 (349)
551 Ohio Wesleyan                  5    5  194  239   38.595   39.510 (569)
552 Chicago                        4    5  247  249   38.547   39.477 (570)
553 Concord Col                    3    8  228  405   38.545   42.651 (469)
554 William Jewell                 6    5  304  210   38.522   36.005 (633)
555 Marietta                       3    7  179  374   38.355   45.531 (377)
556 Waynesburg                     5    4  239  191   38.337   36.888 (611)
557 Mt St Joseph                   5    5  229  270   38.235   37.945 (598)
558 Wesley DE                      5    5  223  165   38.201   37.091 (606)
559 Heidelberg                     2    8  170  376   38.174   46.325 (354)
560 Taylor IL                      3    7  159  264   38.148   42.446 (479)
561 Lakeland                       6    4  262  195   38.069   34.989 (647)
562 St John's                      2    8  184  308   38.063   43.980 (427)
563 MA Dartmouth                  11    1  353  135   38.000   26.890 (690)
564 Emory & Henry                  4    6  171  261   37.899   40.758 (526)
565 Cornell IA                     4    6  269  309   37.783   40.063 (552)
566 Virginia Wise                  3    7  188  372   37.703   42.731 (466)
567 Luther                         4    6  198  242   37.698   40.227 (550)
568 Knox College                   6    4  289  209   37.443   34.541 (651)
569 Canisius                       2    9  113  329   37.262   45.771 (369)
570 Buena Vista                    3    7  192  299   37.252   41.284 (507)
571 Dana                           2    8  196  315   37.159   42.275 (483)
572 Sul Ross                       2    8  182  333   37.136   43.174 (446)
573 St Francis IL                  2    8  192  282   37.136   42.693 (468)
574 Defiance                       3    7  216  265   37.123   40.398 (541)
575 Beloit                         6    4  296  257   37.123   34.998 (646)
576 Otterbein                      2    8  126  386   37.123   46.098 (362)
577 Puget Sound                    1    8  140  366   37.115   45.685 (372)
578 Assumption                     2    9  120  346   37.077   45.003 (390)
579 C Newport                      6    5  216  173   37.038   35.909 (634)
580 Union NY                       5    5  202  242   37.018   37.090 (607)
581 Hamilton                       0    8   58  262   36.836   50.956 (256)
582 Thiel                          3    7  166  180   36.833   39.432 (571)
583 La Salle                       2    9  200  388   36.684   43.115 (448)
584 TX Lutheran                    2    8  145  322   36.676   44.391 (412)
585 Gettysburg                     4    6  231  234   36.452   37.986 (597)
586 Eliz. City St                  2    8   80  216   36.399   42.949 (456)
587 Monmouth IL                    5    5  251  268   36.150   36.047 (630)
588 Huron                          3    7  150  255   36.122   41.589 (502)
589 Manchester                     3    7  142  296   36.121   40.844 (523)
590 Whittier                       1    8  117  243   36.109   43.526 (437)
591 Bethany WV                     3    7  263  250   36.053   38.085 (596)
592 KS Wesleyan                    8    3  248  191   36.041   32.850 (660)
593 Union KY                       2    8  183  330   35.818   41.658 (499)
594 Guilford                       3    7  163  267   35.750   41.050 (516)
595 Albright                       2    8  247  284   35.722   39.926 (557)
596 Cent Methodist                 5    6  182  214   35.714   36.260 (628)
597 Langston                       2    9  169  324   35.671   43.577 (436)
598 Alfred                         4    6  161  220   35.632   37.226 (604)
599 Buffalo St                     1    9   94  281   35.610   43.057 (451)
600 Franklin IN                    2    8  200  351   35.325   41.167 (511)
601 Culver-Stockton                4    7  341  348   35.266   36.555 (621)
602 N Greenville                   3    6  186  278   35.149   40.233 (549)
603 Elmhurst                       3    7  204  377   35.123   40.293 (544)
604 W Virginia St                  1   10  155  334   34.973   42.935 (457)
605 Mayville St                    3    7  192  292   34.942   39.764 (561)
606 W Connecticut                  7    3  336  180   34.850   30.083 (675)
607 Rochester                      2    8  249  350   34.837   39.425 (572)
608 Upper Iowa                     2    8  150  318   34.825   41.788 (498)
609 Kean                           4    6  171  268   34.743   37.253 (603)
610 WI Lutheran                    3    7  209  318   34.704   38.931 (579)
611 MN Crookston                   1   10  184  440   34.649   45.115 (386)
612 Augsburg                       2    8  202  293   34.635   41.425 (505)
613 Panhandle St                   2    9  145  297   34.484   41.995 (490)
614 Grinnell                       4    6  210  277   34.468   36.527 (622)
615 Hamline                        3    7  137  343   34.441   40.289 (545)
616 Urbana                         1   10  124  431   34.251   44.839 (400)
617 Bluffton                       3    7  228  272   33.900   36.651 (619)
618 Grove City                     3    7  148  221   33.857   36.341 (625)
619 Benedictine IL                 4    6  198  277   33.799   35.424 (644)
620 Avila                          4    6  240  331   33.770   36.180 (629)
621 FDU Florham                    2    8  200  334   33.630   39.294 (575)
622 Baker KS                       3    8  196  226   33.597   36.452 (624)
623 McMurry                        0   10  141  302   33.570   43.485 (439)
624 Worcester St                   9    2  350  163   33.537   25.165 (701)
625 KY Wesleyan                    1   10  228  413   33.476   41.808 (495)
626 Westfield St                   8    3  283  110   33.225   26.400 (694)
627 S Dakota Tech                  2    8  135  333   33.191   41.306 (506)
628 Ursinus                        2    8  183  326   33.156   39.712 (562)
629 Black Hills St                 2    8  154  319   32.915   40.414 (540)
630 Bethany KS                     6    3  332  221   32.847   29.112 (682)
631 Iowa Wesleyan                  1    9  153  347   32.737   42.794 (462)
632 Earlham                        4    6  195  225   32.722   35.458 (643)
633 Ferrum                         5    5  155  199   32.624   32.729 (662)
634 Shenandoah                     5    5  190  210   32.583   33.701 (656)
635 Delaware Val                   2    8  196  382   32.065   38.462 (590)
636 Maranatha Bap                  6    3  203  131   31.372   26.703 (691)
637 Ottawa KS                      5    5  270  195   31.302   30.539 (671)
638 Tabor                          6    4  249  147   31.240   28.247 (685)
639 Curry                          7    3  250  206   31.190   26.623 (692)
640 St Mary's KS                   5    4  242  199   31.156   29.300 (681)
641 Apprentice                     5    5  154  275   31.148   31.924 (668)
642 Worcester Tech                 4    6  209  253   31.053   32.812 (661)
643 MN Morris                      0   11  140  459   30.873   44.642 (406)
644 Greensboro                     4    6  139  170   30.745   32.489 (663)
645 Southwestern KS                5    4  210  191   30.743   29.345 (680)
646 Macalester                     5    5  231  227   30.606   29.689 (677)
647 Lebanon Val                    1    9  169  384   30.536   38.909 (580)
648 Oberlin                        3    7  202  293   30.500   35.839 (635)
649 McPherson                      6    4  255  244   30.454   28.653 (684)
650 Illinois Col                   3    7  192  291   30.404   34.514 (653)
651 St Augustines                  0    8   35  278   30.321   43.999 (426)
652 Norwich                        4    6  206  268   30.233   32.489 (664)
653 Bethel TN                      3    6  207  308   30.202   34.257 (654)
654 M Luther MN                    6    3  253  205   30.200   26.210 (695)
655 Dubuque                        1    9  104  356   30.052   40.924 (521)
656 Peru St                        2    8  196  343   29.888   36.690 (617)
657 North Park                     1    9  136  444   29.837   40.840 (524)
658 Dakota St                      1    9  101  335   29.824   40.275 (547)
659 Westminster MO                 7    2  316  185   29.746   23.966 (704)
660 Friends                        5    4  183  233   29.732   29.458 (678)
661 Cheyney St                     0   11   94  506   29.650   45.405 (381)
662 Methodist                      3    7  196  211   29.602   32.326 (665)
663 Colorado Col                   1    8  157  308   29.325   36.790 (614)
664 Nichols                        5    4  215  131   28.952   26.943 (689)
665 Utica                          1    9   79  302   28.928   38.901 (581)
666 Carroll WI                     1    9  170  371   28.478   36.810 (613)
667 Allen                          0    5   55  171   28.439   39.662 (563)
668 Maryville TN                   0   10  177  405   28.175   40.352 (543)
669 Lindenwood                     1   10  111  322   27.740   36.950 (609)
670 NJ City                        1    8   72  240   27.572   38.629 (585)
671 Principia                      5    4  281  237   27.538   25.786 (698)
672 Denison                        2    8  147  339   27.094   36.005 (632)
673 Rockford                       4    6  225  167   27.073   27.567 (687)
674 Wm Paterson                    1    9  131  367   26.801   37.907 (599)
675 Eureka                         2    8   92  320   26.359   36.312 (626)
676 St Lawrence                    0   10  116  414   26.018   38.497 (589)
677 Coast Guard                    2    7  150  281   25.879   32.249 (666)
678 Lawrence                       0   10  153  373   25.623   36.557 (620)
679 Fitchburg St                   5    4  189  191   25.609   24.911 (702)
680 Graceland                      0   10  139  392   24.920   37.065 (608)
681 Averett                        2    7  131  207   24.838   29.696 (676)
682 Carleton                       0   10   77  413   24.553   41.075 (513)
683 Mount Ida                      2    7  138  270   24.219   32.019 (667)
684 MIT                            4    5  126  184   24.149   25.910 (697)
685 Greenville                     1    9  143  392   23.946   35.798 (637)
686 Bridgewater MA                 4    5  195  202   23.714   25.386 (700)
687 Salve Regina                   2    7  104  288   23.070   30.345 (673)
688 Plymouth St                    0   10  120  345   22.511   36.942 (610)
689 Haskell                        2    7  148  250   22.130   30.228 (674)
690 Chowan                         0   10   69  274   21.737   33.689 (657)
691 Kenyon                         1    9   96  481   21.544   37.502 (601)
692 Crown MN                       2    7  137  242   20.950   26.566 (693)
693 Bethel KS                      1    8   72  326   20.944   30.434 (672)
694 Sterling                       0   10  128  351   20.391   33.388 (658)
695 Concordia IL                   0   10  119  534   19.946   38.573 (586)
696 Blackburn                      1    9  133  308   19.046   29.011 (683)
697 SW Assemb God                  0    9   91  424   18.862   35.692 (638)
698 W New England                  1    8   92  230   18.454   26.968 (688)
699 ME Maritime                    1    8  131  241   17.150   25.486 (699)
700 Hiram                          0   10   41  412   16.449   36.867 (612)
701 Gallaudet                      0    3   17  107   15.337   31.628 (670)
702 Mass Maritime                  1    8   73  296   14.632   26.173 (696)
703 Framingham St                  1    8   98  306   14.299   24.629 (703)
704 Trinity Bible                  0    9   44  523    7.394   27.813 (686)
