Rnk Team                         WON LOST   PF   PA     RATE      SOS
--- ----                         --- ----  ---  ---  -------  -------
  1 Florida                       13    1  611  181   85.626   74.608 (  5)
  2 Southern Cal                  12    1  488  117   84.268   73.501 ( 19)
  3 Texas                         12    1  551  244   83.459   74.407 (  7)
  4 Oklahoma                      12    2  716  343   83.392   74.202 (  9)
  5 Utah                          13    0  480  224   82.205   71.846 ( 55)
  6 Alabama                       12    2  422  200   81.401   73.146 ( 28)
  7 Penn State                    11    2  506  187   81.044   71.913 ( 54)
  8 TCU                           11    2  437  147   80.658   71.325 ( 66)
  9 Texas Tech                    11    2  569  362   80.241   73.050 ( 31)
 10 Boise St                      12    1  489  164   79.675   68.871 ( 93)
 11 Ohio State                    10    3  359  181   79.001   72.696 ( 39)
 12 Georgia                       10    3  409  319   78.671   74.148 ( 13)
 13 Oregon St                      9    4  397  300   78.057   74.168 ( 11)
 14 Oregon                        10    3  545  367   77.950   73.041 ( 32)
 15 Mississippi                    9    4  417  247   77.894   73.433 ( 21)
 16 Florida St                     9    4  434  262   77.645   72.388 ( 48)
 17 Oklahoma St                    9    4  530  365   77.592   72.642 ( 41)
 18 Missouri                      10    4  591  381   77.562   72.639 ( 42)
 19 Virginia Tech                 10    4  309  234   77.473   73.322 ( 26)
 20 California                     9    4  424  259   77.198   73.323 ( 25)
 21 Nebraska                       9    4  460  371   76.902   73.390 ( 22)
 22 Georgia Tech                   9    4  317  264   76.490   72.634 ( 43)
 23 Boston College                 9    5  346  257   76.275   72.905 ( 37)
 24 Michigan St                    9    4  326  287   76.195   72.931 ( 35)
 25 Iowa                           9    4  394  169   76.156   71.620 ( 61)
 26 Wake Forest                    8    5  273  238   76.103   74.609 (  4)
 27 Cincinnati                    11    3  362  282   75.959   71.132 ( 69)
 28 North Carolina                 8    5  360  275   75.942   73.728 ( 17)
 29 LSU                            8    5  402  314   75.894   73.000 ( 33)
 30 Clemson                        7    6  327  225   75.733   73.342 ( 24)
 31 Pittsburgh                     9    4  352  279   75.707   72.912 ( 36)
 32 Kansas                         8    5  434  375   75.660   73.062 ( 30)
 33 Brigham Young                 10    3  445  285   75.488   70.748 ( 76)
 34 West Virginia                  9    4  319  221   75.283   72.207 ( 50)
 35 Miami FL                       7    6  352  314   75.100   73.923 ( 15)
 36 Arizona                        8    5  476  277   75.049   71.465 ( 64)
 37 South Carolina                 7    6  270  274   74.880   74.416 (  6)
 38 Maryland                       8    5  283  292   74.485   72.827 ( 38)
 39 Northwestern                   9    4  317  262   74.442   71.245 ( 67)
 40 Vanderbilt                     7    6  249  255   74.274   74.066 ( 14)
 41 Rutgers                        8    5  377  245   74.000   70.927 ( 71)
 42 Virginia                       5    7  193  260   73.896   75.459 (  1)
 43 Connecticut                    8    5  324  257   73.714   71.606 ( 62)
 44 North Carolina St              6    7  305  342   73.594   74.281 (  8)
 45 Air Force                      8    5  348  289   73.275   70.814 ( 74)
 46 South Florida                  8    5  359  260   73.270   70.816 ( 73)
 47 Navy                           8    5  353  286   73.132   70.265 ( 80)
 48 Ball St                       12    2  489  287   73.082   66.496 (118)
 49 Tulsa                         11    3  661  391   73.044   67.747 (108)
 50 Rice                          10    3  537  433   72.962   68.980 ( 90)
 51 Kentucky                       7    6  294  279   72.929   71.423 ( 65)
 52 Duke                           4    8  241  281   72.778   74.833 (  3)
 53 Notre Dame                     7    6  321  288   72.734   72.153 ( 51)
 54 Wisconsin                      7    6  357  345   72.593   72.250 ( 49)
 55 East Carolina                  9    5  328  295   72.429   70.523 ( 78)
 56 Stanford                       5    7  315  329   72.200   73.546 ( 18)
 57 Baylor                         4    8  336  352   71.981   74.159 ( 12)
 58 Arkansas                       5    7  263  374   71.910   74.192 ( 10)
 59 Colorado                       5    7  242  351   71.848   73.875 ( 16)
 60 James Madison                 12    2  534  323   71.821   65.027 (121)
 61 Houston                        8    5  528  402   71.817   68.817 ( 94)
 62 Tennessee                      5    7  208  201   71.799   73.274 ( 27)
 63 Arizona St                     5    7  274  272   71.734   72.666 ( 40)
 64 Auburn                         5    7  208  216   71.673   72.468 ( 46)
 65 Colorado St                    7    6  327  393   71.513   71.785 ( 56)
 66 Nevada                         7    6  489  420   71.478   70.237 ( 81)
 67 Minnesota                      7    6  302  322   71.321   70.840 ( 72)
 68 Illinois                       5    7  344  319   71.105   71.697 ( 59)
 69 Richmond                      13    3  506  250   70.996   63.928 (127)
 70 Western Michigan               9    4  372  324   70.798   67.347 (112)
 71 Kansas St                      5    7  419  430   70.517   71.746 ( 57)
 72 Troy                           8    5  426  277   70.361   66.661 (117)
 73 Hawai`i                        7    7  345  404   70.179   71.150 ( 68)
 74 Southern Miss                  7    6  398  313   70.130   69.173 ( 88)
 75 Fresno St                      7    6  385  404   70.130   69.617 ( 85)
 76 Montana                       14    2  509  284   70.116   63.028 (134)
 77 Buffalo                        8    6  424  395   70.044   69.152 ( 89)
 78 Purdue                         4    8  296  301   69.996   72.483 ( 45)
 79 UCLA                           4    8  212  348   69.964   73.380 ( 23)
 80 Louisiana Tech                 8    5  320  308   69.699   68.441 ( 97)
 81 UNLV                           5    7  307  391   69.698   71.677 ( 60)
 82 Texas A&M                      4    8  300  449   69.568   73.472 ( 20)
 83 Villanova                     10    3  382  278   69.544   64.268 (124)
 84 Louisville                     5    7  296  358   69.516   70.349 ( 79)
 85 Mississippi St                 4    8  183  296   69.381   72.428 ( 47)
 86 Central Michigan               8    5  384  393   69.196   67.740 (109)
 87 New Mexico                     4    8  253  273   69.052   72.140 ( 52)
 88 Michigan                       3    9  243  347   68.973   73.097 ( 29)
 89 Bowling Green                  6    6  332  278   68.341   68.191 (104)
 90 San José St                    6    6  224  259   68.258   68.924 ( 91)
 91 UTEP                           5    7  395  444   68.224   69.731 ( 84)
 92 Appalachian St                11    3  522  303   68.121   61.760 (143)
 93 Northern Illinois              6    7  314  234   67.936   66.816 (116)
 94 Memphis                        6    7  353  353   67.822   68.264 ( 99)
 95 Temple                         5    7  281  277   67.760   68.786 ( 95)
 96 Weber St                      10    4  493  317   67.688   62.857 (136)
 97 Syracuse                       3    9  217  392   67.644   72.592 ( 44)
 98 Marshall                       4    8  246  332   67.447   69.999 ( 83)
 99 Florida Atlantic               7    6  326  373   67.353   68.216 (103)
100 Northern Iowa                 12    3  438  265   67.212   61.017 (149)
101 Utah St                        3    9  288  416   67.114   71.722 ( 58)
102 Louisiana-Lafayette            6    6  397  404   67.062   67.098 (114)
103 Akron                          5    7  360  375   67.044   68.220 (102)
104 Cal Poly SLO                   8    3  488  292   67.018   61.620 (145)
105 New Hampshire                 10    3  463  306   67.011   61.771 (142)
106 William & Mary                 7    4  361  264   67.006   63.186 (132)
107 Arkansas St                    6    6  324  285   66.932   66.217 (120)
108 Wofford                        9    3  438  298   66.890   61.556 (146)
109 Abilene Christian             11    1  628  275   66.752   55.701 (203)
110 Central Florida                4    8  199  289   66.525   69.361 ( 86)
111 Iowa St                        2   10  304  430   66.516   72.013 ( 53)
112 Wyoming                        4    8  152  333   66.506   71.012 ( 70)
113 Minnesota-Duluth              15    0  613  173   66.502   49.800 (288)
114 Florida Int'l                  5    7  296  340   66.226   67.621 (110)
115 Middle Tennessee St            5    7  274  299   66.201   67.338 (113)
116 Indiana                        3    9  246  423   66.172   70.794 ( 75)
117 Alabama-Birmingham             4    8  273  375   66.040   67.914 (106)
118 NW Missouri St                13    2  600  288   65.644   57.457 (176)
119 Ohio U.                        4    8  289  327   65.167   67.943 (105)
120 Army                           3    9  177  284   65.039   69.280 ( 87)
121 Maine                          8    5  319  296   64.856   62.461 (137)
122 Massachusetts                  7    5  345  321   64.826   63.618 (128)
123 Toledo                         3    9  269  377   64.638   68.536 ( 96)
124 Kent St                        4    8  308  380   64.604   66.939 (115)
125 San Diego St                   2   10  231  446   64.579   71.518 ( 63)
126 Eastern Washington             6    5  323  295   64.281   64.033 (126)
127 Central Arkansas              10    2  450  308   64.279   57.666 (173)
128 Southern Illinois              9    3  353  256   64.110   59.750 (162)
129 New Mexico St                  3    9  266  409   64.095   68.243 (101)
130 Louisiana-Monroe               4    8  284  374   64.032   66.485 (119)
131 Washington St                  2   11  165  570   63.780   72.962 ( 34)
132 Eastern Michigan               3    9  309  427   63.765   67.572 (111)
133 Elon                           8    4  323  256   63.325   60.636 (152)
134 Grand Valley St               11    1  462  152   63.208   52.773 (235)
135 Montana St                     7    5  319  332   63.197   61.864 (140)
136 Tulane                         2   10  200  414   63.101   70.067 ( 82)
137 Harvard                        9    1  274  178   62.974   56.699 (189)
138 Washington                     0   12  159  463   62.903   75.151 (  2)
139 West Texas A&M                11    2  626  343   62.775   53.616 (227)
140 McNeese St                     7    4  413  322   62.646   58.848 (166)
141 Northern Arizona               6    5  316  273   62.258   60.988 (150)
142 SMU                            1   11  256  458   62.099   70.717 ( 77)
143 South Dakota St                7    5  427  348   62.068   59.936 (159)
144 Furman                         7    5  303  267   62.030   61.293 (148)
145 Central Washington            10    2  504  287   62.007   54.856 (213)
146 Pittsburg St                  11    2  462  306   61.947   56.291 (194)
147 Miami OH                       2   10  221  392   61.886   68.245 (100)
148 Georgia Southern               6    5  350  326   61.833   61.352 (147)
149 Idaho                          2   10  235  513   61.813   68.877 ( 92)
150 Liberty                       10    2  404  224   61.687   55.254 (207)
151 Delaware                       4    8  210  249   61.441   64.634 (122)
152 Samford                        6    5  274  207   61.395   57.707 (172)
153 Northwestern St                7    5  320  339   61.079   60.355 (155)
154 Texas St-San Marcos            8    5  473  407   60.944   58.798 (167)
155 Sioux Falls                   14    0  511   83   60.821   41.521 (464)
156 Sacramento St                  6    6  319  324   60.745   60.544 (154)
157 Colgate                        9    3  363  349   60.498   57.564 (174)
158 South Carolina St             10    3  387  221   60.451   54.823 (214)
159 North Dakota St                6    5  329  211   60.365   58.132 (170)
160 Holy Cross                     7    4  378  284   60.324   57.251 (179)
161 Western Kentucky               2   10  210  326   60.297   67.840 (107)
162 Brown                          7    3  269  190   60.250   56.804 (186)
163 Grambling St                  11    2  348  170   60.136   51.968 (249)
164 Western Illinois               6    5  355  239   60.095   58.192 (169)
165 North Alabama                 12    2  578  243   60.069   51.533 (258)
166 Hofstra                        4    8  265  346   59.876   63.465 (129)
167 Albany NY                      9    3  313  218   59.728   54.291 (219)
168 Jacksonville St                8    3  349  239   59.495   55.980 (196)
169 Lafayette                      7    4  277  193   59.490   56.432 (193)
170 North Texas                    1   11  240  571   59.485   68.407 ( 98)
171 Portland St                    4    7  284  357   59.437   61.820 (141)
172 Pennsylvania                   6    4  190  151   59.415   57.139 (183)
173 Eastern Kentucky               8    4  266  275   59.291   57.848 (171)
174 Mount Union                   15    0  683  131   59.265   43.724 (406)
175 UC-Davis                       5    7  342  326   59.218   60.036 (157)
176 Nicholls St                    3    6  231  312   59.086   62.150 (138)
177 Southern Utah                  4    7  243  351   59.073   61.706 (144)
178 SE Louisiana St                5    7  327  389   58.977   60.578 (153)
179 Tennessee-Martin               8    4  448  316   58.951   55.771 (201)
180 Sam Houston St                 4    6  353  331   58.851   60.263 (156)
181 North Dakota                   6    4  321  263   58.666   56.591 (192)
182 Yale                           6    4  197  105   58.585   55.868 (199)
183 The Citadel                    4    8  328  394   58.538   62.007 (139)
184 Northeastern                   2   10  228  349   58.390   64.111 (125)
185 South Dakota                   6    5  412  205   58.380   53.282 (229)
186 Delta St                      10    2  435  316   58.165   51.913 (251)
187 Charleston Southern            7    5  277  268   58.162   55.727 (202)
188 Nebraska-Omaha                 7    4  340  273   58.129   55.796 (200)
189 Rhode Island                   3    9  226  384   57.600   62.965 (135)
190 Trinity CT                     8    0  227  140   57.588   49.464 (293)
191 Stony Brook                    5    6  274  289   57.577   58.255 (168)
192 Stephen F. Austin              4    8  420  475   57.542   59.815 (160)
193 Central Missouri               7    4  380  282   57.525   55.027 (209)
194 Lehigh                         5    6  282  231   57.368   57.160 (180)
195 California PA                 12    2  498  281   57.190   49.283 (298)
196 Coastal Carolina               6    6  267  289   56.955   57.455 (177)
197 Tarleton St                    8    3  336  240   56.948   52.494 (239)
198 Tennessee St                   8    4  375  287   56.941   54.419 (217)
199 Towson                         3    9  243  423   56.830   63.323 (130)
200 Western Washington             6    5  323  327   56.754   55.872 (198)
201 TAMU-Kingsville                7    4  344  271   56.662   53.663 (225)
202 Western Oregon                 7    4  324  263   56.660   54.289 (220)
203 Northern Colorado              1   10  225  326   56.609   63.032 (133)
204 Carroll MT                    13    1  453  200   56.479   48.508 (308)
205 Prairie View A&M               9    1  307  128   56.467   47.101 (337)
206 Chadron St                    11    2  434  210   56.441   48.157 (315)
207 Florida A&M                    9    3  422  284   56.202   51.929 (250)
208 Ashland                        9    4  452  383   56.165   53.106 (230)
209 Youngstown St                  4    8  270  351   56.130   59.273 (163)
210 Washburn                       6    5  244  236   56.121   55.417 (206)
211 Bloomsburg                    11    2  407  222   56.078   46.942 (340)
212 Gardner-Webb                   5    6  267  261   55.960   57.508 (175)
213 UW-Whitewater                 13    2  518  202   55.950   48.084 (317)
214 Princeton                      4    6  183  214   55.887   57.330 (178)
215 Missouri St                    4    7  266  389   55.871   59.765 (161)
216 VMI                            4    7  378  369   55.701   56.642 (191)
217 Midwestern St                  6    4  252  232   55.600   53.812 (223)
218 Valdosta St                    9    3  340  223   55.567   50.713 (272)
219 Monmouth NJ                    7    4  288  225   55.555   52.742 (236)
220 Western Carolina               3    9  211  347   55.520   60.798 (151)
221 Idaho St                       1   11  256  494   55.473   64.292 (123)
222 Illinois St                    3    8  312  340   55.379   58.999 (165)
223 Eastern Illinois               5    7  272  281   55.243   57.145 (181)
224 Fordham                        5    6  238  262   55.161   55.430 (205)
225 Bethune-Cookman                8    3  282  210   54.937   50.669 (274)
226 Cornell NY                     4    6  185  246   54.810   56.946 (184)
227 Wayne St MI                    8    3  222  161   54.804   51.008 (270)
228 Missouri Western               6    6  329  387   54.793   55.252 (208)
229 St Francis IN                 12    1  585  168   54.503   43.242 (420)
230 Central Oklahoma               7    4  273  287   54.410   52.670 (237)
231 San Diego                      9    2  388  208   54.314   47.196 (333)
232 Saginaw Valley St              7    3  262  224   54.265   51.265 (264)
233 Murray St                      5    7  272  376   54.106   55.906 (197)
234 Central Conn St                7    4  330  246   53.954   51.130 (266)
235 Willamette                    11    1  498  233   53.879   43.813 (403)
236 Minn St-Mankato                9    3  364  199   53.740   48.418 (310)
237 Michigan Tech                  8    3  321  322   53.727   51.016 (269)
238 Williams                       6    2  215  140   53.699   49.574 (289)
239 Southern U.                    6    5  311  279   53.625   52.950 (232)
240 Bucknell                       5    6  269  339   53.617   54.887 (211)
241 West Chester                   9    4  448  288   53.606   46.806 (344)
242 Hampton                        6    5  272  260   53.420   52.948 (233)
243 Morgan St                      6    6  240  234   53.115   53.786 (224)
244 Edinboro                       9    2  355  144   52.963   44.212 (394)
245 Wayne St NE                    9    3  364  224   52.954   47.948 (322)
246 Hillsdale                      7    4  314  236   52.919   50.462 (275)
247 Jacksonville FL                9    4  401  252   52.896   48.302 (313)
248 Dixie St                       4    7  262  309   52.893   54.894 (210)
249 Columbia                       2    8  171  245   52.859   57.141 (182)
250 Presbyterian                   4    8  266  416   52.844   56.772 (187)
251 Truman St                      4    7  292  318   52.824   54.639 (215)
252 Indiana PA                     8    2  385  114   52.819   43.929 (400)
253 Middlebury                     5    3  275  216   52.724   50.379 (277)
254 Dayton                         9    3  339  184   52.536   46.857 (343)
255 Amherst                        5    3  175  144   52.499   50.336 (280)
256 Augustana SD                   8    4  369  255   52.487   49.214 (300)
257 Emporia St                     4    7  221  303   52.195   54.574 (216)
258 Delaware St                    5    6  220  228   52.153   53.325 (228)
259 Norfolk St                     5    7  303  300   52.118   54.235 (221)
260 Mary Hardin-Baylor            12    2  544  217   52.042   43.209 (421)
261 SE Missouri St                 4    8  262  364   52.004   56.092 (195)
262 SE Oklahoma St                 6    5  246  334   51.869   52.281 (243)
263 Austin Peay                    2    9  212  328   51.786   56.848 (185)
264 UNC-Pembroke                   9    1  326  112   51.742   41.653 (457)
265 Arkansas-Monticello            7    4  377  320   51.703   49.540 (291)
266 Montana St-Northern            7    3  233  196   51.578   48.801 (303)
267 Jackson St                     7    5  253  248   51.570   50.322 (281)
268 Henderson St                   5    5  328  284   51.567   51.216 (265)
269 St Cloud St                    7    4  309  190   51.502   48.134 (316)
270 Sacred Heart                   8    3  320  254   51.500   47.348 (329)
271 Carson-Newman                  7    4  447  268   51.409   47.058 (338)
272 Tusculum                       9    4  452  350   51.394   47.463 (326)
273 Tuskegee                      10    1  404  200   51.362   44.014 (398)
274 Ferris St                      6    5  182  228   51.237   51.691 (255)
275 Indianapolis                   5    6  286  256   51.153   51.064 (267)
276 Tennessee Tech                 3    9  240  420   51.138   56.660 (190)
277 Tufts                          4    4  182  156   51.136   50.247 (284)
278 Bryant                         7    4  239  229   51.133   49.118 (301)
279 Ouachita Baptist               7    3  341  297   51.058   48.237 (314)
280 Missouri Southern              4    7  241  292   51.052   52.918 (234)
281 Morningside                   10    2  576  185   50.999   39.584 (534)
282 Newberry                       6    4  246  183   50.960   48.352 (311)
283 TAMU-Commerce                  5    5  202  238   50.933   52.014 (248)
284 St John's MN                   8    3  218  159   50.898   47.557 (325)
285 Langston                      10    3  322  216   50.863   43.722 (407)
286 Nebraska-Kearney               7    4  389  214   50.827   47.120 (336)
287 Wingate                        8    3  353  273   50.743   46.474 (349)
288 Colorado Mines                 8    4  298  221   50.733   47.424 (327)
289 Robert Morris                  5    6  254  251   50.504   50.838 (271)
290 Mars Hill                      7    4  341  329   50.280   48.059 (319)
291 Chattanooga                    1   11  153  455   50.205   63.225 (131)
292 Otterbein                      9    2  427  214   50.088   42.906 (426)
293 North Central                 11    1  425  216   50.079   40.109 (515)
294 Arkansas Tech                  5    5  305  336   49.978   50.414 (276)
295 UW-Stevens Point               9    2  244  184   49.963   45.009 (377)
296 Hardin-Simmons                 9    2  429  219   49.922   42.520 (434)
297 Concordia-Moorhead             6    4  243  200   49.878   48.073 (318)
298 Winona St                      6    5  353  284   49.867   48.461 (309)
299 Mercyhurst                     7    4  265  198   49.779   46.124 (355)
300 Bowdoin                        4    4  205  197   49.710   49.574 (289)
301 Alabama A&M                    5    7  265  324   49.623   52.036 (247)
302 St Thomas                      7    3  265  180   49.618   45.550 (366)
303 Lindenwood                    11    2  521  270   49.561   41.155 (475)
304 Wheaton                       11    3  505  290   49.526   43.020 (422)
305 Carleton                       7    3  297  221   49.356   44.346 (391)
306 MidAmerica Nazarene           10    1  415  203   49.277   39.500 (538)
307 Occidental                     9    1  385  214   49.264   39.470 (540)
308 Angelo St                      3    8  155  272   49.066   54.376 (218)
309 Georgetown DC                  2    8   96  280   48.991   56.752 (188)
310 Wesley                         9    2  386  165   48.933   40.485 (498)
311 Humboldt St                    2    9  169  357   48.894   55.583 (204)
312 Fort Hays St                   2    9  175  295   48.878   54.862 (212)
313 Duquesne                       3    7  215  263   48.876   51.358 (261)
314 East Stroudsburg               9    2  387  262   48.849   42.755 (428)
315 Linfield                       6    3  245  164   48.810   44.358 (390)
316 Mesa St                        6    5  269  284   48.782   48.552 (305)
317 Millsaps                      11    1  513  193   48.749   39.051 (557)
318 UW-Eau Claire                  6    4  208  153   48.680   46.114 (356)
319 Franklin                      11    2  524  317   48.667   40.929 (484)
320 Alabama St                     3    8  154  246   48.620   53.621 (226)
321 Catawba                        6    4  292  213   48.262   45.537 (367)
322 Cal Lutheran                   7    2  230  123   48.227   40.982 (480)
323 Glenville St                   8    3  373  254   48.165   43.536 (415)
324 Fayetteville St                8    2  370  152   48.156   40.652 (493)
325 Eastern Oregon                 5    6  310  330   48.121   49.342 (297)
326 Wartburg                      10    3  335  244   48.025   43.261 (419)
327 Dartmouth                      0   10  129  343   48.005   59.261 (164)
328 Gustavus Adolphus              6    4  233  232   47.958   46.629 (346)
329 Butler                         6    5  326  269   47.895   45.806 (363)
330 Marist                         4    7  224  251   47.857   49.835 (287)
331 Bethel MN                      5    5  176  137   47.848   46.339 (352)
332 St Olaf                        6    4  204  213   47.844   46.664 (345)
333 Southern Oregon                3    7  159  253   47.840   52.082 (246)
334 Monmouth IL                   11    1  561  171   47.782   36.979 (624)
335 Missouri S&T                   7    4  408  274   47.776   44.566 (383)
336 Seton Hill                    10    3  351  334   47.666   43.918 (402)
337 Southern Conn St               8    3  372  225   47.588   42.613 (430)
338 North Carolina Central         4    7  191  349   47.556   52.531 (238)
339 Redlands                       7    2  327  110   47.497   39.455 (541)
340 Drake                          6    5  219  196   47.467   46.580 (348)
341 Albany St GA                   7    4  309  182   47.431   44.323 (392)
342 Cumberlands KY                10    2  418  298   47.329   41.276 (471)
343 Morehead St                    6    6  294  244   47.262   46.130 (354)
344 Augsburg                       5    5  285  277   47.159   46.437 (350)
345 SW Minnesota St                6    5  323  312   47.152   47.288 (332)
346 Montana Tech                   4    7  188  248   47.095   49.529 (292)
347 Harding                        2    9  336  442   47.052   51.757 (252)
348 Winston-Salem St               3    8  177  250   47.022   51.292 (263)
349 West Liberty St                7    4  326  276   46.964   44.396 (389)
350 Southern Arkansas              2    8  200  336   46.964   52.481 (240)
351 American Int'l                 9    2  346  188   46.897   41.104 (476)
352 Hamilton                       2    6  136  158   46.889   50.247 (285)
353 NW Oklahoma St                 9    2  410  183   46.862   39.642 (531)
354 Rocky Mountain                 4    7  304  394   46.836   49.257 (299)
355 West Alabama                   4    7  283  273   46.829   48.349 (312)
356 Salisbury                      9    2  448  247   46.829   40.253 (510)
357 Friends                       10    1  452  191   46.714   37.687 (601)
358 Colby                          3    5   92  158   46.700   49.464 (294)
359 Elizabeth City St              7    4  361  203   46.557   42.672 (429)
360 Ohio Dominican                 7    3  347  142   46.540   42.185 (447)
361 Augustana IL                   7    3  291  134   46.468   41.501 (465)
362 East Central OK                3    8  262  435   46.458   52.091 (245)
363 Alcorn St                      2   10  181  349   46.387   53.982 (222)
364 SW Baptist                     5    6  434  368   46.374   46.106 (357)
365 Indiana St                     0   12  101  508   46.344   60.015 (158)
366 Northern Michigan              2    8  208  320   46.316   51.736 (254)
367 Shaw                           8    3  447  198   46.312   40.363 (501)
368 UW-Stout                       5    5  207  180   46.221   46.305 (353)
369 Charleston WV                  7    4  306  265   46.211   43.631 (412)
370 Azusa Pacific                  2    8  160  301   46.194   52.341 (242)
371 Baker                          8    4  397  297   46.150   41.393 (469)
372 St Ambrose                     8    4  299  238   46.140   42.583 (431)
373 North Carolina A&T             3    9  172  366   46.046   51.336 (262)
374 Northwood                      2    8  215  310   46.024   51.061 (268)
375 St Xavier                      7    4  357  178   45.974   42.179 (448)
376 Delaware Valley                8    3  278  202   45.919   42.553 (433)
377 Arkansas-Pine Bluff            3    9  189  234   45.865   50.248 (283)
378 UW-La Crosse                   3    7  203  227   45.765   48.890 (302)
379 Muhlenberg                     9    2  339  178   45.640   39.667 (530)
380 West Virginia St               7    3  335  263   45.632   41.597 (459)
381 Wash & Jeff                   11    2  532  305   45.603   37.614 (606)
382 Trine                         10    1  319  182   45.587   36.853 (631)
383 Adams St                       5    6  142  273   45.546   48.617 (304)
384 Montana-Western                2    9  238  366   45.475   51.628 (257)
385 Davidson                       4    7  286  280   45.392   46.866 (342)
386 UW-Platteville                 4    6  146  215   45.338   47.124 (335)
387 Findlay                        2    9  212  275   45.216   50.679 (273)
388 Morehouse                      6    4  241  262   45.201   44.854 (380)
389 SW Oklahoma St                 3    8  216  280   45.158   49.438 (296)
390 Missouri Valley                7    3  365  165   45.076   38.784 (569)
391 Shorter                        9    3  330  234   45.069   40.680 (492)
392 Slippery Rock                  5    6  275  273   45.046   45.825 (361)
393 Dakota Wesleyan                7    3  257  155   45.018   40.058 (519)
394 Texas Southern                 4    8  292  472   44.956   50.249 (282)
395 Whitworth                      6    3  274  226   44.877   41.534 (463)
396 Bates                          2    6  118  249   44.814   50.336 (279)
397 Tiffin                         1   10  215  382   44.805   52.276 (244)
398 Fort Valley St                 6    5  240  254   44.787   44.539 (384)
399 UW-Oshkosh                     4    5   96  223   44.769   47.348 (330)
400 Howard                         1   10  197  337   44.702   51.633 (256)
401 Shepherd                       5    5  282  190   44.658   43.305 (417)
402 Northeastern St OK             1   10  202  350   44.648   52.470 (241)
403 Bemidji St                     5    6  228  305   44.648   47.375 (328)
404 Wagner                         3    8  171  280   44.614   49.460 (295)
405 Northwestern IA                7    3  288  112   44.605   38.692 (571)
406 Cortland St                   11    2  413  268   44.602   39.113 (553)
407 Concordia-St Paul              4    7  210  314   44.563   48.546 (306)
408 Albright                       8    3  248  186   44.532   40.852 (486)
409 Baldwin-Wallace                5    5  256  243   44.519   44.476 (385)
410 Ripon                          8    2  303  126   44.481   36.349 (644)
411 Union KY                       9    3  369  332   44.383   39.916 (522)
412 Malone                         6    4  323  270   44.381   42.463 (437)
413 Dickinson St                   7    4  252  238   44.328   42.060 (451)
414 Clark Atlanta                  6    5  258  222   44.319   43.281 (418)
415 Trinity TX                     8    2  326  189   44.290   37.720 (599)
416 Wabash                        10    2  473  219   44.259   36.284 (646)
417 Wesleyan                       1    7  111  178   44.242   50.379 (277)
418 Ohio Northern                  5    5  195  187   44.187   44.650 (382)
419 Lambuth                        8    4  522  356   44.180   40.551 (495)
420 Buena Vista                    7    3  231  144   44.084   39.082 (555)
421 Christopher Newport            8    2  263  201   44.055   39.287 (547)
422 Eastern New Mexico             2    9  253  388   44.033   51.753 (253)
423 Case Western Reserve          10    1  416  153   43.958   33.553 (683)
424 DePauw                         8    2  314  260   43.939   38.939 (561)
425 Louisiana College              7    3  228  173   43.910   40.262 (508)
426 John Carroll                   5    5  202  173   43.883   43.918 (401)
427 Simpson                        7    3  247  181   43.841   39.874 (524)
428 Ottawa                         8    2  380  166   43.684   37.072 (621)
429 Moravian                       8    3  280  196   43.650   39.600 (533)
430 Iona                           3    8  210  420   43.530   50.092 (286)
431 Hobart                         9    2  252  194   43.517   38.810 (568)
432 Savannah St                    5    7  230  241   43.510   45.052 (375)
433 Mississippi Valley St          3    8  232  400   43.488   48.533 (307)
434 Hampden-Sydney                 8    2  308  244   43.441   39.425 (542)
435 Mississippi College            5    5  284  233   43.393   42.371 (440)
436 North Greenville               2    9  183  382   43.224   51.390 (260)
437 UW-River Falls                 3    7  202  282   43.198   46.621 (347)
438 Capital                        5    5  240  228   43.196   43.995 (399)
439 Ithaca                         9    2  400  242   43.189   37.725 (598)
440 Quincy                         6    5  225  313   43.176   44.728 (381)
441 Lane                           4    7  272  306   43.026   45.169 (370)
442 Mary                           4    7  208  302   43.011   47.983 (320)
443 Elmhurst                       7    3  283  237   42.950   38.599 (576)
444 Gannon                         4    7  226  301   42.938   45.968 (360)
445 Bowie St                       6    3  188  158   42.872   39.230 (548)
446 Lebanon Valley                 6    4  229  179   42.857   41.189 (473)
447 Loras                          6    4  253  201   42.845   41.076 (477)
448 Virginia St                    5    5  221  202   42.842   42.023 (453)
449 Lycoming                       7    4  238  214   42.817   41.163 (474)
450 Chapman                        5    4  214  160   42.710   40.391 (499)
451 McKendree                      6    4  223  167   42.682   40.289 (507)
452 Fairmont St                    5    6  266  255   42.650   42.897 (427)
453 Northwestern MN                9    2  378  227   42.645   34.153 (676)
454 Catholic                       9    2  346  240   42.634   37.595 (608)
455 Benedict                       5    6  190  276   42.608   45.113 (372)
456 Black Hills St                 6    4  257  175   42.586   40.101 (516)
457 Marian                         7    4  276  379   42.567   41.578 (460)
458 Johns Hopkins                  8    3  287  219   42.565   38.467 (580)
459 Merrimack                      6    4  289  239   42.552   40.838 (488)
460 Jamestown                      7    3  328  243   42.544   38.958 (559)
461 Adrian                         8    2  278  124   42.536   35.710 (656)
462 Sterling                       7    3  306  187   42.534   38.122 (592)
463 St Augustine's                 4    6  178  194   42.520   43.676 (409)
464 New Mexico Highlands           3    8  164  359   42.517   47.881 (323)
465 Minot St                       6    4  288  273   42.502   40.233 (512)
466 Benedictine KS                 7    4  320  203   42.499   38.618 (575)
467 Shippensburg                   4    7  273  238   42.491   44.318 (393)
468 East Texas Baptist             5    5  225  240   42.475   42.564 (432)
469 Colorado St-Pueblo             4    6  151  211   42.459   45.142 (371)
470 Thomas More                    8    3  325  214   42.453   37.613 (607)
471 St Joseph's IN                 5    5  305  297   42.427   42.025 (452)
472 Virginia-Wise                  8    3  455  290   42.353   36.756 (636)
473 Rowan                          8    2  333  179   42.302   36.617 (639)
474 LaGrange                       9    2  437  229   42.285   32.760 (687)
475 Nebraska Wesleyan              7    3  200  112   42.279   37.929 (595)
476 Kutztown                       5    6  238  270   42.266   43.640 (410)
477 Montclair St                   8    3  231  182   42.007   38.241 (587)
478 Centre                         7    3  247  193   41.949   38.224 (588)
479 Virginia Union                 5    5  277  159   41.871   40.323 (504)
480 Hamline                        2    8  195  215   41.843   45.233 (369)
481 Illinois Wesleyan              6    4  281  253   41.837   40.847 (487)
482 Dickinson                      6    4  289  218   41.744   39.295 (546)
483 Wilkes                         4    6  200  198   41.599   42.463 (438)
484 St Norbert                     7    3  377  208   41.523   36.971 (625)
485 St Francis IL                  7    4  254  212   41.353   38.817 (566)
486 Central IA                     6    4  226  179   41.337   39.145 (551)
487 Western New Mexico             2    8  220  335   41.323   46.964 (339)
488 Wooster                        8    2  242  152   41.309   35.322 (663)
489 William Penn                   7    4  283  265   41.297   38.480 (579)
490 North Carolina Wesleyan        6    4  310  189   41.231   38.621 (574)
491 Luther                         5    5  164  145   41.183   39.622 (532)
492 Lenoir-Rhyne                   3    8  276  352   41.121   44.411 (388)
493 Hastings                       7    4  236  194   41.048   38.300 (583)
494 Upper Iowa                     2    9  234  386   40.979   47.188 (334)
495 Stonehill                      4    6  227  180   40.979   41.478 (466)
496 Coe                            4    6  196  208   40.952   42.151 (450)
497 Widener                        4    6  185  207   40.942   42.156 (449)
498 Western St CO                  2    8  185  306   40.916   46.935 (341)
499 Pacific Lutheran               3    6  157  242   40.898   44.082 (396)
500 St John Fisher                 7    4  314  246   40.878   38.691 (572)
501 Ferrum                         7    3  245  166   40.805   37.104 (620)
502 RPI                            8    2  298  163   40.772   34.787 (667)
503 Gettysburg                     5    5  329  282   40.726   39.916 (523)
504 Stillman                       3    8  227  280   40.662   44.144 (395)
505 Cumberland TN                  6    5  351  338   40.519   39.583 (535)
506 Wilmington                     4    6  178  277   40.511   43.799 (404)
507 St Francis PA                  0   11  125  357   40.439   51.517 (259)
508 St Paul's                      5    5  123  195   40.339   41.020 (478)
509 Kentucky St                    3    8  337  427   40.316   43.587 (413)
510 Bentley                        5    6  208  325   40.269   42.508 (436)
511 Valley City St                 5    5  329  264   40.228   38.816 (567)
512 Huntingdon                     8    2  417  158   40.196   30.716 (696)
513 Kean                           7    4  341  255   40.179   37.684 (602)
514 Minn St-Moorhead               2    9  187  330   40.164   47.329 (331)
515 Emory & Henry                  6    4  209  159   40.163   38.242 (586)
516 Heidelberg                     4    6  252  362   40.163   43.572 (414)
517 Central St OH                  2    7  159  280   40.075   46.053 (358)
518 Randolph-Macon                 6    5  279  297   40.047   40.385 (500)
519 Carroll WI                     7    3  260  153   40.037   35.564 (659)
520 Valparaiso                     3    8  202  336   39.903   44.866 (379)
521 Kansas Wesleyan                6    4  321  189   39.896   37.451 (614)
522 Georgetown KY                  5    5  361  279   39.890   38.579 (577)
523 Lake Erie                      3    8  289  444   39.890   44.453 (386)
524 Clarion                        3    8  230  407   39.850   45.244 (368)
525 Walsh                          3    8  234  276   39.732   42.989 (423)
526 Northern St SD                 1   10  237  356   39.723   47.973 (321)
527 Carthage                       5    5  305  307   39.705   39.933 (521)
528 West Georgia                   0   10  124  448   39.622   53.065 (231)
529 C.W. Post                      3    8  225  309   39.497   45.070 (374)
530 Brockport St                   7    4  373  339   39.257   37.571 (611)
531 Muskingum                      3    7  205  325   39.229   43.721 (408)
532 Menlo                          3    7  237  258   39.064   42.244 (444)
533 King's PA                      3    7  140  210   39.016   42.219 (445)
534 Bethel KS                      6    4  230  207   39.006   37.559 (612)
535 Alfred                         7    4  318  223   38.973   35.963 (652)
536 Franklin & Marshall            4    6  208  181   38.971   39.381 (544)
537 Maryville                      5    5  242  238   38.945   38.838 (565)
538 Puget Sound                    3    6  229  274   38.556   42.337 (441)
539 Fort Lewis                     2    9  111  320   38.525   46.038 (359)
540 Midland Lutheran               6    5  248  193   38.437   36.837 (632)
541 Pace                           4    6  216  267   38.421   40.310 (505)
542 Bridgewater VA                 4    6  233  239   38.400   39.557 (537)
543 South Dakota Tech              5    5  313  198   38.288   35.688 (658)
544 Kentucky Wesleyan              4    6  220  354   38.236   41.682 (456)
545 Hartwick                       7    3  439  340   38.203   34.253 (674)
546 Rhodes                         4    6  154  172   38.182   39.480 (539)
547 Concordia AL                   5    6  251  327   38.155   40.522 (496)
548 Austin                         5    5  235  244   38.117   38.289 (584)
549 Texas Lutheran                 4    6  145  308   38.003   41.415 (468)
550 Bethel TN                      4    6  255  209   37.936   38.843 (564)
551 Mt St Joseph                   5    5  235  156   37.889   36.775 (635)
552 Union NY                       5    4  257  226   37.861   37.042 (622)
553 Olivet Nazarene                4    7  196  306   37.834   40.295 (506)
554 Claremont-Mudd-Scripps         4    5  183  207   37.825   38.950 (560)
555 Frostburg St                   3    6  169  278   37.813   40.896 (485)
556 Millikin                       3    7  192  264   37.783   41.541 (461)
557 Southern Nazarene              3    8  229  295   37.703   41.897 (454)
558 Grove City                     6    4  231  245   37.587   36.365 (643)
559 Miles                          2    8  108  305   37.564   43.787 (405)
560 Webber Int'l                   3    8  133  296   37.525   44.067 (397)
561 SW Assem of God                4    5  177  245   37.513   39.793 (528)
562 Aurora                         9    2  369  166   37.455   28.876 (709)
563 Johnson C. Smith               3    7  222  375   37.397   41.622 (458)
564 Edward Waters                  2    8  176  365   37.395   44.425 (387)
565 Rose-Hulman                    7    3  281  264   37.383   35.355 (661)
566 Geneva                         5    5  236  288   37.381   38.146 (590)
567 WV Wesleyan                    1   10  179  357   37.347   45.109 (373)
568 Bacone                         6    5  255  291   37.329   37.642 (603)
569 Averett                        5    5  225  256   37.209   37.592 (609)
570 Plymouth St                   10    2  360  197   37.098   30.730 (695)
571 Wittenberg                     6    4  257  144   37.013   34.135 (677)
572 Curry                         10    2  405  270   36.992   30.849 (694)
573 Husson                         7    3  281  190   36.944   33.448 (684)
574 Evangel                        4    7  178  323   36.916   40.343 (503)
575 WPI                            7    3  252  222   36.896   33.596 (681)
576 FDU-Florham                    3    7  175  274   36.847   40.577 (494)
577 Sul Ross St                    3    7  184  290   36.841   40.970 (481)
578 Campbellsville                 3    8  329  430   36.785   40.360 (502)
579 Doane                          4    7  203  251   36.720   40.243 (511)
580 William Jewell                 4    7  207  275   36.638   39.363 (545)
581 Shenandoah                     3    7  190  216   36.619   39.184 (549)
582 Millersville                   1   10  231  421   36.618   45.812 (362)
583 Minnesota-Crookston            2    9  166  470   36.602   45.770 (365)
584 Washington and Lee             4    6  236  273   36.563   37.943 (594)
585 Manchester                     5    5  258  226   36.498   36.199 (649)
586 Anderson                       5    5  274  267   36.490   36.799 (633)
587 Washington U.                  5    5  186  188   36.487   36.518 (640)
588 St Mary KS                     5    5  304  323   36.487   36.740 (637)
589 Taylor                         2    8  156  276   36.452   42.332 (442)
590 Chowan                         2    8  216  440   36.270   42.924 (424)
591 New Jersey                     4    6  271  299   36.239   37.713 (600)
592 Hope                           3    7  263  327   36.052   39.678 (529)
593 Denison                        6    4  216  211   35.994   34.600 (671)
594 Alma                           5    5  351  300   35.983   35.223 (666)
595 Susquehanna                    4    6  271  289   35.979   37.400 (615)
596 Brevard                        1    9  136  310   35.922   46.388 (351)
597 Ursinus                        3    7  147  277   35.845   39.957 (520)
598 Central Methodist              3    8  189  295   35.828   40.747 (490)
599 Defiance                       4    6  166  243   35.825   38.458 (581)
600 Waynesburg                     5    5  286  290   35.820   36.250 (648)
601 OK Panhandle St                3    7  180  328   35.816   40.746 (491)
602 William Paterson               4    6  218  240   35.763   37.302 (617)
603 Birmingham-Southern            3    7  220  275   35.721   39.168 (550)
604 Marietta                       2    8  126  362   35.570   43.639 (411)
605 Assumption                     1    9  168  285   35.506   42.432 (439)
606 Dubuque                        2    8  186  259   35.425   40.256 (509)
607 McPherson                      4    6  258  270   35.275   36.861 (630)
608 Guilford                       4    6  260  344   35.275   37.288 (618)
609 Westminster PA                 5    5  219  319   35.268   36.280 (647)
610 Carnegie Mellon                5    5  229  175   35.141   34.568 (673)
611 St Anselm                      2    8  143  316   35.138   41.000 (479)
612 Albion                         4    6  143  201   35.122   37.633 (604)
613 Beloit                         5    5  213  247   35.044   35.700 (657)
614 La Verne                       2    7  147  315   34.864   42.909 (425)
615 Rochester                      3    7  181  250   34.743   38.053 (593)
616 Livingstone                    2    8  160  350   34.469   40.942 (483)
617 Illinois College               4    6  308  372   34.411   36.658 (638)
618 Peru St                        4    6  245  298   34.382   36.435 (641)
619 Greenville                     6    4  263  211   34.373   32.013 (688)
620 Springfield                    4    6  275  268   34.133   35.412 (660)
621 Urbana                         1   10  146  347   34.001   43.328 (416)
622 Western Conn St                2    8  213  304   33.926   38.713 (570)
623 Allegheny                      5    5  179  230   33.552   34.227 (675)
624 Howard Payne                   2    8  147  335   33.525   40.794 (489)
625 Belhaven                       2    9  240  407   33.501   40.173 (513)
626 Iowa Wesleyan                  3    8  197  330   33.437   38.263 (585)
627 Dakota St                      3    7  227  286   33.388   36.776 (634)
628 Lock Haven                     0   11   86  409   33.139   47.667 (324)
629 Texas College                  1    9  149  330   33.109   42.516 (435)
630 Concord                        0   11  123  461   33.057   45.779 (364)
631 Sewanee                        2    8  145  257   32.898   38.682 (573)
632 Apprentice                     1    7  130  255   32.872   40.073 (517)
633 Chicago                        3    6  182  234   32.855   35.842 (654)
634 Bethany WV                     3    7  280  368   32.780   36.902 (628)
635 Hanover                        2    7  223  335   32.662   37.573 (610)
636 Campbell                       1   10   98  447   32.534   45.047 (376)
637 North Park                     1    9  175  389   32.471   41.204 (472)
638 Methodist                      2    8  158  303   32.420   37.844 (596)
639 McDaniel                       2    8  110  265   32.393   38.994 (558)
640 Avila                          3    8  115  292   32.364   38.867 (563)
641 Merchant Marine                3    7  166  262   32.258   35.998 (651)
642 Pomona-Pitzer                  2    7  217  347   32.206   39.574 (536)
643 Dana                           3    8  151  383   32.112   39.841 (525)
644 Utica                          3    7  172  246   32.087   35.959 (653)
645 Juniata                        1    9  135  239   32.052   39.106 (554)
646 Bethany KS                     2    8  130  361   32.012   39.126 (552)
647 Bridgewater St MA              7    3  348  213   31.950   27.791 (718)
648 Lake Forest                    3    7  150  310   31.945   36.871 (629)
649 Grand View                     2    8  256  332   31.893   36.997 (623)
650 UMass-Dartmouth                6    4  344  296   31.847   30.503 (698)
651 Buffalo St                     1    9  225  344   31.775   38.563 (578)
652 Martin Luther                  7    3  383  225   31.703   26.099 (724)
653 Pikeville                      2    9  166  372   31.702   39.064 (556)
654 Graceland                      2    8   93  301   31.619   40.129 (514)
655 Greensboro                     2    8  145  255   31.609   36.905 (627)
656 Tabor                          2    8  187  434   31.416   38.130 (591)
657 Thiel                          2    8  218  299   31.347   36.369 (642)
658 Crown                          5    4  283  243   31.102   29.862 (704)
659 Earlham                        4    6  261  328   31.038   33.298 (685)
660 McMurry                        0   10  130  336   30.911   42.252 (443)
661 Faulkner                       2    9  145  422   30.802   40.490 (497)
662 Trinity Int'l                  1   10   92  376   30.653   41.391 (470)
663 Grinnell                       3    7  147  359   30.578   36.297 (645)
664 Westminster MO                 4    5  265  242   30.573   30.331 (702)
665 Knox                           3    7  180  333   30.501   35.763 (655)
666 Morrisville St                 1    9  215  382   30.476   37.623 (605)
667 Southern Virginia              3    8  250  370   30.393   36.947 (626)
668 Cornell IA                     0   10  125  309   30.346   41.763 (455)
669 Mount Ida                      4    6  237  291   30.180   31.669 (690)
670 Macalester                     4    6  160  263   30.067   33.974 (678)
671 Cheyney                        0   11  115  498   30.048   44.986 (378)
672 Southwestern KS                1    9  106  402   29.873   39.388 (543)
673 Briar Cliff                    2    9  119  314   29.820   39.812 (527)
674 Whittier                       1    8  182  309   29.696   38.391 (582)
675 Lakeland                       5    5  210  203   29.626   29.400 (705)
676 Norwich                        2    8  165  320   29.460   35.313 (664)
677 St Lawrence                    1    9  151  296   29.438   37.302 (616)
678 Maine Maritime                 7    4  419  321   29.412   26.988 (722)
679 Concordia WI                   5    5  230  253   29.314   31.265 (691)
680 Salve Regina                   4    5  206  229   29.251   30.388 (701)
681 Lincoln MO                     1    8  124  382   29.177   40.946 (482)
682 SUNY-Maritime                  4    5  211  266   29.105   30.567 (697)
683 Olivet                         1    9  180  241   28.993   37.520 (613)
684 MacMurray                      4    6  259  321   28.836   30.482 (699)
685 Kalamazoo                      2    8  227  357   28.815   34.685 (669)
686 Colorado College               0    9   98  297   28.736   41.457 (467)
687 Westfield St                   6    4  253  190   28.676   26.680 (723)
688 West Virginia Tech             0   11  233  447   28.496   38.164 (589)
689 MIT                            5    5  326  347   28.350   28.530 (711)
690 Bluffton                       1    9  103  377   27.635   37.275 (619)
691 Oberlin                        2    8  191  368   27.583   35.329 (662)
692 Lewis & Clark                  1    8  167  430   27.528   38.886 (562)
693 Western New England            3    7  256  349   27.519   31.046 (692)
694 Ohio Wesleyan                  2    8  103  213   27.517   33.928 (679)
695 Mayville St                    1    9   94  355   27.432   37.814 (597)
696 Kentucky Christian             1    9  230  343   27.362   34.656 (670)
697 Hiram                          3    7  181  381   27.061   33.097 (686)
698 Haskell                        2    9  195  472   26.989   34.748 (668)
699 Culver-Stockton                0   11  124  469   26.984   42.210 (446)
700 Concordia NE                   1    9   77  345   26.977   40.058 (518)
701 Lawrence                       1    9  144  309   26.904   36.139 (650)
702 Becker                         2    7  155  348   26.858   33.554 (682)
703 Fitchburg St                   4    6  323  404   26.342   28.309 (712)
704 Benedictine IL                 4    6  184  245   26.269   30.392 (700)
705 Kenyon                         1    9  237  373   26.137   33.896 (680)
706 Endicott                       3    7  226  298   26.122   29.889 (703)
707 St Vincent                     1    9  160  367   26.112   35.296 (665)
708 Lincoln PA                     0    9   76  444   25.971   41.535 (462)
709 Framingham St                  5    5  228  306   25.154   26.028 (725)
710 Minnesota-Morris               3    6  133  184   25.088   28.103 (716)
711 Eureka                         3    6  205  329   24.923   28.979 (708)
712 Coast Guard                    3    6  170  242   24.835   27.887 (717)
713 Nichols                        2    8  208  298   24.508   29.370 (706)
714 Wisconsin Lutheran             4    6  173  243   24.281   27.178 (720)
715 Dordt                          1   10   55  399   23.736   39.841 (526)
716 Worcester St                   2    8  207  319   22.687   28.217 (714)
717 Rockford                       2    8  188  306   22.451   28.246 (713)
718 Gallaudet                      1    8   85  308   22.329   31.911 (689)
719 Waldorf                        1   10   82  419   21.523   34.577 (672)
720 St Scholastica                 1    7  193  304   21.296   28.861 (710)
721 Concordia IL                   3    7  210  386   21.063   25.666 (726)
722 Blackburn                      2    8  106  327   19.121   28.204 (715)
723 Mass Maritime                  0   10  123  313   17.402   27.263 (719)
724 Trinity Bible                  0    6   56  282   14.296   29.140 (707)
725 Maranatha Baptist              0   10   95  332   14.231   27.135 (721)
726 Principia                      0   10   57  443   13.859   30.863 (693)
