Rnk Team                         WON LOST   PF   PA     RATE      SOS
--- ----                         --- ----  ---  ---  -------  -------
  1 LSU                           12    2  541  279   77.622   70.430 (  8)
  2 Kansas                        12    1  556  213   76.359   66.641 ( 72)
  3 Missouri                      12    2  558  326   76.154   69.377 ( 33)
  4 Ohio State                    11    2  408  166   76.108   68.166 ( 53)
  5 Southern Cal                  11    2  424  208   75.945   69.310 ( 35)
  6 Georgia                       11    2  424  262   75.880   69.954 ( 15)
  7 West Virginia                 11    2  515  235   75.577   68.963 ( 42)
  8 Oklahoma                      11    3  592  284   75.292   68.786 ( 43)
  9 Virginia Tech                 11    3  402  225   75.261   69.336 ( 34)
 10 Florida                        9    4  552  331   74.897   70.997 (  2)
 11 Auburn                         9    4  315  220   74.117   69.422 ( 32)
 12 Arizona St                    10    3  420  293   74.098   69.798 ( 18)
 13 Oregon                         9    4  496  307   73.831   70.617 (  4)
 14 Tennessee                     10    4  455  382   73.809   70.510 (  6)
 15 Boston College                11    3  396  285   73.525   69.068 ( 37)
 16 South Florida                  9    4  451  304   73.084   69.539 ( 28)
 17 Cincinnati                    10    3  472  244   73.031   66.679 ( 70)
 18 Brigham Young                 11    2  391  241   72.886   67.193 ( 64)
 19 Oregon St                      9    4  362  294   72.883   69.706 ( 21)
 20 Clemson                        9    4  430  243   72.847   69.064 ( 38)
 21 Texas                         10    3  484  329   72.771   68.203 ( 52)
 22 Kentucky                       8    5  475  385   72.618   70.289 ( 10)
 23 Michigan                       9    4  354  278   72.462   69.447 ( 30)
 24 Illinois                       9    4  362  283   72.396   69.009 ( 40)
 25 Arkansas                       8    5  485  345   72.286   69.027 ( 39)
 26 Penn State                     9    4  394  228   72.062   67.922 ( 56)
 27 Wake Forest                    9    4  362  289   71.758   68.702 ( 45)
 28 South Carolina                 6    6  313  282   71.596   70.527 (  5)
 29 Mississippi St                 8    5  279  301   71.550   68.977 ( 41)
 30 Texas Tech                     9    4  532  337   71.502   66.655 ( 71)
 31 Wisconsin                      9    4  383  301   71.350   68.022 ( 55)
 32 Connecticut                    9    4  344  247   71.311   67.449 ( 60)
 33 Alabama                        7    6  352  286   71.023   69.660 ( 23)
 34 Florida St                     7    6  303  298   71.004   69.769 ( 19)
 35 Virginia                       9    4  317  256   70.893   68.514 ( 49)
 36 Oklahoma St                    7    6  450  384   70.869   69.633 ( 25)
 37 Hawai`i                       12    1  564  331   70.849   62.356 (121)
 38 California                     7    6  381  348   70.743   70.129 ( 14)
 39 UCLA                           6    7  291  290   70.563   71.077 (  1)
 40 Utah                           9    4  341  219   70.472   67.317 ( 63)
 41 Texas A&M                      7    6  363  337   70.434   69.558 ( 27)
 42 Rutgers                        8    5  426  292   70.051   67.373 ( 62)
 43 Michigan St                    7    6  430  346   69.890   68.642 ( 46)
 44 Troy                           8    4  408  295   69.753   65.889 ( 78)
 45 Maryland                       6    7  313  280   69.671   69.522 ( 29)
 46 Vanderbilt                     5    7  260  271   69.589   70.244 ( 11)
 47 Air Force                      9    4  389  274   69.490   66.014 ( 76)
 48 Louisville                     6    6  422  377   69.466   68.054 ( 54)
 49 Arizona                        5    7  336  322   69.456   70.185 ( 13)
 50 Georgia Tech                   7    6  341  271   69.439   67.744 ( 57)
 51 Nebraska                       5    7  401  455   69.090   70.501 (  7)
 52 Central Florida               10    4  502  372   69.053   65.325 ( 83)
 53 Washington                     4    9  380  411   69.049   70.972 (  3)
 54 Boise St                      10    3  551  281   69.040   63.578 (113)
 55 Purdue                         8    5  446  345   68.992   66.785 ( 68)
 56 Colorado                       6    7  355  383   68.896   69.806 ( 17)
 57 TCU                            8    5  339  243   68.847   66.335 ( 73)
 58 Washington St                  5    7  308  389   68.661   69.759 ( 20)
 59 Fresno St                      9    4  427  351   68.560   64.755 ( 96)
 60 Kansas St                      5    7  422  370   68.489   68.711 ( 44)
 61 Nebraska-Omaha                10    1  392  185   68.379   59.839 (139)
 62 New Mexico                     9    4  321  247   68.148   65.051 ( 87)
 63 Northern Iowa                 12    1  469  219   68.005   59.017 (150)
 64 Pittsburgh                     5    7  274  291   67.992   68.593 ( 47)
 65 Appalachian St                13    2  641  400   67.627   60.606 (132)
 66 North Carolina St              5    7  249  339   67.615   69.426 ( 31)
 67 Indiana                        7    6  412  370   67.562   65.845 ( 79)
 68 Miami FL                       5    7  247  312   67.493   68.579 ( 48)
 69 Tulsa                         10    4  576  467   67.488   64.333 (100)
 70 Stanford                       4    8  235  339   67.278   70.203 ( 12)
 71 North Carolina                 4    8  254  294   67.022   69.215 ( 36)
 72 Navy                           8    5  511  473   67.019   65.257 ( 86)
 73 Grand Valley St               12    1  497  189   67.004   56.381 (176)
 74 East Carolina                  8    5  403  395   66.834   65.997 ( 77)
 75 Iowa                           6    6  222  225   66.747   66.683 ( 69)
 76 Florida Atlantic               8    5  405  432   66.721   65.729 ( 80)
 77 NW Missouri St                12    2  523  264   66.231   58.591 (155)
 78 Mississippi                    3    9  241  342   66.222   70.375 (  9)
 79 Northwestern                   6    6  310  372   66.174   66.846 ( 67)
 80 Richmond                      11    3  489  334   66.089   60.889 (128)
 81 Ball St                        7    6  409  368   65.838   64.984 ( 91)
 82 Notre Dame                     3    9  197  345   65.810   69.935 ( 16)
 83 Delaware                      11    4  543  387   65.693   60.943 (127)
 84 North Dakota                  10    2  465  220   65.665   58.300 (158)
 85 Southern Illinois             12    2  530  243   65.424   56.911 (173)
 86 Central Michigan               8    6  487  517   65.416   64.994 ( 90)
 87 North Dakota St               10    1  435  245   65.295   57.668 (166)
 88 Central Washington            10    3  408  284   65.288   59.669 (141)
 89 Houston                        8    5  449  379   65.235   62.653 (119)
 90 Wyoming                        5    7  233  311   65.207   66.908 ( 66)
 91 Massachusetts                 10    3  403  249   65.188   60.642 (131)
 92 Louisiana-Monroe               6    6  282  332   64.750   65.001 ( 89)
 93 San Diego St                   4    8  301  413   64.748   67.633 ( 58)
 94 Iowa St                        3    9  218  381   64.743   69.653 ( 24)
 95 Bowling Green                  8    5  392  417   64.726   63.786 (109)
 96 Southern Miss                  7    6  361  314   64.713   63.659 (111)
 97 Valdosta St                   13    1  540  247   64.574   54.821 (205)
 98 McNeese St                    11    1  422  220   64.557   56.829 (174)
 99 James Madison                  8    4  400  265   64.382   60.454 (134)
100 Colorado St                    3    9  304  369   63.859   67.419 ( 61)
101 Middle Tennessee St            5    7  308  339   63.856   65.275 ( 85)
102 Nevada                         6    7  435  418   63.760   64.062 (105)
103 Carroll MT                    15    0  387   81   63.646   52.019 (270)
104 West Texas A&M                12    1  541  290   63.552   53.743 (236)
105 Wofford                        9    4  444  323   63.541   59.512 (145)
106 Montana                       11    1  377  178   63.442   54.784 (208)
107 Miami OH                       6    7  250  333   63.363   64.630 ( 97)
108 Syracuse                       2   10  197  418   63.185   69.566 ( 26)
109 Villanova                      7    4  288  261   63.183   61.345 (125)
110 Western Michigan               5    7  323  347   63.142   64.313 (101)
111 Louisiana Tech                 5    7  249  368   62.754   65.296 ( 84)
112 Buffalo                        5    7  291  331   62.721   64.060 (106)
113 Memphis                        7    6  380  419   62.690   62.432 (120)
114 Elon                           7    4  400  334   62.652   59.665 (142)
115 Duke                           1   11  215  398   62.554   69.669 ( 22)
116 San José St                    5    7  245  352   62.549   64.891 ( 93)
117 Baylor                         3    9  218  444   62.507   68.443 ( 51)
118 Ohio U.                        6    6  366  359   62.501   62.687 (118)
119 Eastern Washington             9    4  437  288   62.481   58.547 (156)
120 New Hampshire                  7    5  429  352   62.447   60.479 (133)
121 Youngstown St                  7    4  301  203   62.402   57.972 (163)
122 Arkansas St                    5    7  291  331   62.352   64.510 ( 98)
123 South Dakota St                7    4  376  244   62.350   59.231 (148)
124 Toledo                         5    7  395  470   62.321   64.450 ( 99)
125 UNLV                           2   10  218  343   62.180   67.454 ( 59)
126 Georgia Southern               7    4  402  348   62.175   59.611 (144)
127 North Alabama                 10    2  450  238   62.174   54.601 (212)
128 Minnesota                      1   11  315  440   62.119   68.491 ( 50)
129 Marshall                       3    9  298  411   61.914   66.064 ( 75)
130 South Dakota                   6    5  345  303   61.799   60.660 (130)
131 Yale                           9    1  294  137   61.733   53.928 (231)
132 The Citadel                    7    4  434  310   61.703   57.806 (165)
133 Delta St                      10    2  375  167   61.590   53.572 (240)
134 Western Kentucky               7    5  398  250   61.565   57.394 (168)
135 Eastern Michigan               4    8  290  374   61.556   64.094 (104)
136 Akron                          4    8  254  350   61.438   64.880 ( 95)
137 Western Illinois               6    5  273  215   61.409   58.319 (157)
138 Hofstra                        7    4  296  249   61.389   59.347 (146)
139 Chadron St                    12    1  488  192   61.352   49.391 (308)
140 Furman                         6    5  348  350   61.127   60.760 (129)
141 UTEP                           4    8  403  445   61.082   62.773 (116)
142 Army                           3    9  203  364   60.983   66.106 ( 74)
143 Louisiana-Lafayette            3    9  285  430   60.913   65.460 ( 82)
144 Temple                         4    8  197  315   60.524   64.005 (107)
145 Harvard                        8    2  266  156   60.365   55.076 (201)
146 Kent St                        3    9  259  350   60.204   64.308 (102)
147 Mount Union                   14    1  778  104   60.032   45.088 (418)
148 Ashland                        8    2  440  298   59.955   54.651 (210)
149 Tulane                         4    8  293  375   59.922   63.618 (112)
150 Washburn                       8    4  390  289   59.902   56.268 (182)
151 Pittsburg St                   8    3  411  222   59.838   54.436 (217)
152 Utah St                        2   10  247  406   59.831   65.613 ( 81)
153 Missouri Western               9    3  428  294   59.699   54.926 (204)
154 New Mexico St                  4    9  312  471   59.524   63.396 (114)
155 Sioux Falls                   13    1  602  139   59.479   47.497 (351)
156 Minn St-Mankato                5    6  311  270   59.452   59.245 (147)
157 Rice                           3    9  377  515   59.364   63.695 (110)
158 Saginaw Valley St              7    3  292  206   59.194   55.757 (187)
159 Holy Cross                     7    4  395  264   59.173   56.363 (177)
160 California PA                 13    1  502  161   59.131   46.853 (368)
161 Eastern Kentucky               9    3  382  286   59.127   55.499 (191)
162 Central Missouri               7    4  359  230   59.088   55.446 (192)
163 William & Mary                 4    7  319  427   59.078   61.970 (122)
164 Carson-Newman                 10    1  537  236   59.046   48.126 (332)
165 Delaware St                   10    2  254  221   58.949   54.064 (227)
166 UW-Whitewater                 14    1  489  209   58.893   49.196 (313)
167 Sam Houston St                 7    4  293  263   58.870   57.154 (172)
168 Alabama-Birmingham             2   10  235  421   58.839   64.887 ( 94)
169 Liberty                        8    3  469  245   58.822   53.049 (256)
170 Cal Poly SLO                   7    4  432  278   58.786   55.811 (186)
171 Abilene Christian             10    3  639  390   58.709   53.308 (248)
172 Northern Illinois              2   10  229  370   58.586   63.892 (108)
173 North Texas                    2   10  298  541   58.585   65.006 ( 88)
174 Dayton                        11    1  466  187   58.356   48.775 (323)
175 Hillsdale                      8    3  432  249   58.288   53.547 (242)
176 Tarleton St                    9    2  409  256   58.218   52.097 (268)
177 Northern Arizona               6    5  322  305   58.131   57.390 (169)
178 Grambling St                   8    4  325  216   58.049   54.810 (207)
179 Catawba                       11    2  578  278   58.021   47.397 (355)
180 Northeastern                   3    8  217  292   58.003   61.739 (124)
181 Minnesota-Duluth               4    6  225  280   57.999   59.807 (140)
182 Florida Int'l                  1   11  181  469   57.992   67.067 ( 65)
183 Missouri St                    6    5  399  388   57.922   57.193 (171)
184 Colgate                        7    4  283  239   57.694   55.566 (189)
185 Fordham                        8    4  348  298   57.694   54.515 (214)
186 Central Arkansas               6    5  364  347   57.688   57.363 (170)
187 SMU                            1   11  340  477   57.570   64.236 (103)
188 Midwestern St                  8    3  489  205   57.439   51.186 (283)
189 UC-Davis                       5    6  306  349   57.345   58.259 (159)
190 Western Oregon                 9    2  328  158   57.309   50.147 (293)
191 South Carolina St              7    4  294  216   57.284   55.537 (190)
192 Maine                          4    7  186  269   57.279   59.944 (137)
193 Tuskegee                      11    0  490  190   57.263   44.701 (423)
194 Rhode Island                   3    8  228  360   57.201   61.295 (126)
195 Idaho                          1   11  258  443   57.164   64.904 ( 92)
196 Illinois St                    4    7  324  338   57.133   59.626 (143)
197 Winona St                     10    2  449  336   56.993   51.253 (282)
198 Nicholls St                    6    5  296  261   56.942   56.339 (179)
199 Montana St                     6    5  266  239   56.843   56.349 (178)
200 Albany NY                      8    4  341  233   56.831   52.967 (257)
201 Middlebury                     7    1  191   89   56.568   49.501 (304)
202 Jackson St                     8    4  350  268   56.520   53.502 (244)
203 Lafayette                      7    4  281  186   56.514   53.229 (252)
204 Southern U.                    8    3  297  189   56.352   52.021 (269)
205 Chattanooga                    2    9  255  369   56.306   61.873 (123)
206 Towson                         3    8  171  242   56.261   60.192 (136)
207 Stony Brook                    6    5  278  272   56.215   55.127 (199)
208 Michigan Tech                  6    5  331  313   56.174   55.332 (195)
209 Northwood                      5    5  311  328   56.145   56.289 (181)
210 Eastern Illinois               8    4  353  316   56.115   54.192 (223)
211 Missouri Southern              6    5  318  239   56.040   53.430 (245)
212 Norfolk St                     8    3  272  257   55.965   52.772 (261)
213 Northwestern St                4    7  240  372   55.939   58.959 (151)
214 Texas St-San Marcos            4    7  309  414   55.771   58.204 (161)
215 Weber St                       5    6  299  324   55.726   56.331 (180)
216 St Cloud St                    4    7  149  266   55.708   58.935 (153)
217 Lehigh                         5    6  251  232   55.666   55.840 (185)
218 Alabama A&M                    8    3  350  246   55.493   51.396 (281)
219 Central IA                    12    1  397  242   55.455   47.936 (340)
220 Indianapolis                   6    5  353  301   55.375   53.892 (232)
221 Newberry                       9    2  385  180   55.343   47.480 (353)
222 Ferris St                      6    5  320  318   55.284   54.380 (219)
223 Prairie View A&M               7    3  211  152   55.219   51.513 (277)
224 Augustana SD                   4    7  229  285   55.196   57.982 (162)
225 San Diego                      9    2  488  287   55.118   48.982 (319)
226 Henderson St                   7    3  291  161   55.100   50.096 (294)
227 Brown                          5    5  312  291   55.100   54.815 (206)
228 Bethel MN                     12    2  415  291   55.043   48.318 (328)
229 Trinity CT                     6    2  231  122   54.858   50.253 (291)
230 Hampton                        6    5  329  258   54.853   53.722 (237)
231 Williams                       6    2  236  157   54.732   50.040 (296)
232 Coastal Carolina               5    6  316  287   54.718   54.366 (221)
233 Portland St                    3    8  338  418   54.713   58.219 (160)
234 Northern Michigan              4    6  282  329   54.706   56.177 (183)
235 Montana Tech                   7    4  217  179   54.632   53.079 (254)
236 Western Carolina               1   10  285  504   54.623   62.904 (115)
237 St Francis IN                 11    2  521  207   54.577   45.472 (410)
238 Wartburg                       8    2  275   85   54.574   47.271 (360)
239 Western Washington             2    8  174  321   54.468   60.414 (135)
240 Mary Hardin-Baylor            12    2  707  227   54.375   44.076 (443)
241 Morningside                    9    3  433  158   54.318   47.472 (354)
242 Jacksonville St                6    5  305  257   54.254   53.343 (247)
243 SE Louisiana St                3    8  279  329   54.164   57.453 (167)
244 Sacramento St                  3    8  201  305   54.158   58.942 (152)
245 Pennsylvania                   4    6  231  193   54.103   55.177 (198)
246 St John's MN                  10    2  429  196   54.083   47.354 (357)
247 Gardner-Webb                   5    6  245  278   54.013   55.615 (188)
248 Truman St                      6    5  316  408   53.926   54.257 (222)
249 Ohio Dominican                12    1  622  279   53.861   42.412 (484)
250 Cornell NY                     5    5  270  301   53.857   54.010 (228)
251 Dartmouth                      3    7  271  347   53.548   56.554 (175)
252 Arkansas Tech                  5    5  317  317   53.485   52.766 (262)
253 Montana St-Northern            6    5  198  153   53.475   52.378 (263)
254 Shepherd                      10    2  428  239   53.389   46.696 (378)
255 Idaho St                       3    8  271  393   53.374   57.850 (164)
256 Winston-Salem St               6    5  232  203   53.356   52.363 (265)
257 Tusculum                       6    5  306  279   53.275   51.848 (272)
258 Princeton                      4    6  201  265   53.273   55.353 (194)
259 Mesa St                       10    2  292  197   53.070   46.483 (386)
260 Lindenwood                    10    2  442  245   52.970   46.729 (374)
261 Southern Utah                  0   11  178  410   52.930   62.738 (117)
262 Missouri Valley               10    3  416  244   52.916   47.786 (343)
263 St Olaf                        8    2  490  262   52.846   46.951 (366)
264 Montana-Western                5    6  270  347   52.704   54.602 (211)
265 Tufts                          5    3  173  134   52.458   49.831 (298)
266 Bemidji St                     7    4  337  189   52.411   49.086 (315)
267 Tennessee St                   5    6  328  367   52.396   53.188 (253)
268 Mary                           7    4  298  216   52.372   49.720 (302)
269 Austin Peay                    7    4  275  273   52.301   51.012 (284)
270 Findlay                        4    7  202  314   52.231   55.279 (196)
271 Alabama St                     5    6  207  248   52.218   53.255 (251)
272 Arkansas-Pine Bluff            4    7  168  237   52.128   54.484 (215)
273 Morgan St                      5    6  261  226   52.096   51.667 (276)
274 Harding                        6    4  347  397   52.046   51.688 (275)
275 Tennessee-Martin               4    7  367  333   51.987   53.765 (235)
276 Mercyhurst                     4    7  353  421   51.943   53.978 (229)
277 Muhlenberg                    11    1  356  134   51.939   42.504 (482)
278 Ouachita Baptist               4    6  228  280   51.770   54.093 (226)
279 Albany St GA                   8    3  277  287   51.597   48.318 (327)
280 Wingate                        7    4  363  283   51.583   47.998 (338)
281 Fort Hays St                   4    7  201  235   51.573   54.168 (224)
282 Wesley                        11    2  467  229   51.534   44.436 (429)
283 Northwestern IA                8    2  280  190   51.489   45.948 (397)
284 Indiana PA                     9    3  462  274   51.453   45.588 (407)
285 Coe                            7    3  225  149   51.449   46.611 (382)
286 West Chester                   9    3  384  272   51.366   46.746 (373)
287 Morehead St                    7    4  277  216   51.195   48.053 (334)
288 Amherst                        4    4  145  109   51.179   50.376 (288)
289 Nebraska-Kearney               6    4  339  205   51.130   48.624 (324)
290 St John Fisher                11    2  462  194   51.104   42.753 (475)
291 Wayne St MI                    3    8  335  383   51.027   54.409 (218)
292 TAMU-Commerce                  5    6  254  255   51.015   52.119 (267)
293 Southern Arkansas              3    7  245  333   50.964   55.181 (197)
294 Concordia-Moorhead             7    3  416  299   50.939   46.856 (367)
295 Wayne St NE                    7    5  326  389   50.914   50.805 (285)
296 Dubuque                        7    3  352  216   50.870   45.830 (401)
297 UW-Eau Claire                  9    3  279  228   50.846   47.485 (352)
298 Presbyterian                   6    5  404  334   50.783   49.421 (307)
299 Charleston Southern            5    6  268  378   50.742   52.786 (259)
300 Tiffin                         9    2  425  199   50.720   43.466 (460)
301 Slippery Rock                  9    2  392  222   50.700   44.214 (436)
302 Bethune-Cookman                5    6  267  247   50.688   50.751 (286)
303 Charleston WV                  8    3  317  247   50.562   47.018 (363)
304 West Liberty St                8    3  432  223   50.539   45.280 (416)
305 Nebraska Wesleyan              7    3  229  145   50.498   46.047 (395)
306 SW Oklahoma St                 6    5  228  264   50.472   48.986 (318)
307 Howard                         4    7  266  332   50.380   52.263 (266)
308 Drake                          6    5  293  293   50.344   49.333 (309)
309 MidAmerica Nazarene            9    3  472  370   50.289   46.716 (375)
310 St Xavier                     10    3  432  238   50.256   43.245 (465)
311 Rocky Mountain                 4    7  157  279   50.230   53.551 (241)
312 Samford                        4    7  279  384   50.170   53.545 (243)
313 Mars Hill                      5    5  265  259   50.164   49.226 (311)
314 Bucknell                       3    8  231  346   50.092   54.516 (213)
315 Central Conn St                6    5  311  309   50.040   49.765 (301)
316 Capital                        8    3  243  146   50.017   45.639 (403)
317 Stephen F. Austin              0   11  176  384   49.732   59.200 (149)
318 Salisbury                      9    2  439  189   49.712   42.184 (492)
319 Florida A&M                    3    8  204  295   49.686   53.288 (249)
320 Davidson                       6    4  312  282   49.682   47.695 (346)
321 Eastern New Mexico             5    6  323  326   49.643   49.055 (316)
322 Northern Colorado              1   11  136  415   49.600   58.748 (154)
323 Southern Oregon                5    4  245  246   49.585   49.204 (312)
324 Arkansas-Monticello            4    7  289  446   49.541   53.815 (234)
325 UW-Oshkosh                     7    3  282  150   49.501   45.141 (417)
326 Tennessee Tech                 4    7  329  352   49.468   51.911 (271)
327 Jamestown                      9    2  313  145   49.371   42.403 (485)
328 Emporia St                     3    8  176  346   49.327   54.369 (220)
329 SE Oklahoma St                 4    6  259  308   49.318   51.445 (280)
330 UW-La Crosse                   5    4  290  230   49.290   48.045 (335)
331 Monmouth NJ                    4    6  250  251   49.110   51.483 (278)
332 TAMU-Kingsville                3    8  214  346   49.015   53.622 (239)
333 Fort Valley St                 8    3  217  235   49.013   46.151 (392)
334 Azusa Pacific                  6    5  323  291   48.916   47.664 (347)
335 Wesleyan                       4    4  141  175   48.894   49.831 (298)
336 Luther                         5    5  282  249   48.826   47.552 (348)
337 Linfield                       6    3  304  145   48.802   43.260 (464)
338 Northern St SD                 5    6  261  301   48.769   50.048 (295)
339 Whitworth                      8    2  292  147   48.694   41.528 (511)
340 Bloomsburg                     7    3  398  282   48.690   44.945 (419)
341 Colorado Mines                 7    5  227  230   48.575   46.986 (364)
342 Central Oklahoma               4    6  143  207   48.546   51.462 (279)
343 SE Missouri St                 3    8  225  387   48.538   53.976 (230)
344 Wabash                        11    2  389  235   48.469   41.598 (509)
345 Buena Vista                    5    5  213  208   48.469   47.808 (342)
346 William Jewell                 6    4  231  189   48.449   46.516 (385)
347 Northeastern St OK             3    7  137  272   48.409   52.816 (258)
348 Bethel TN                     11    2  571  343   48.366   40.435 (544)
349 Alcorn St                      2    8  133  222   48.356   53.699 (238)
350 Baker                          6    5  275  274   48.260   47.731 (344)
351 Mississippi Valley St          3    8  175  326   48.251   52.783 (260)
352 Ithaca                         8    3  367  217   48.250   42.951 (471)
353 Angelo St                      2    8  208  343   48.197   54.098 (225)
354 Wagner                         7    4  253  177   48.134   45.339 (414)
355 VMI                            2    9  267  461   48.122   53.857 (233)
356 Bethel KS                      8    1  267   89   48.055   39.638 (578)
357 Concordia-St Paul              4    7  278  332   47.903   50.434 (287)
358 New Jersey                     9    3  266  208   47.898   43.815 (450)
359 Morehouse                      7    3  230  181   47.884   44.271 (434)
360 Graceland                      6    4  249  257   47.851   46.575 (383)
361 Murray St                      2    9  292  448   47.850   53.384 (246)
362 Black Hills St                 7    4  258  144   47.827   45.575 (408)
363 Columbia                       1    9  184  320   47.795   54.946 (203)
364 Glenville St                   6    5  310  318   47.766   47.381 (356)
365 Montclair St                   9    2  282  228   47.720   43.600 (458)
366 North Central                  9    3  442  263   47.680   41.897 (498)
367 Pacific Lutheran               7    2  292  156   47.555   41.215 (522)
368 Augsburg                       5    5  299  384   47.550   48.000 (337)
369 North Carolina Central         6    4  176  195   47.530   46.476 (387)
370 Wheaton                        8    2  347  158   47.433   40.749 (533)
371 Bowdoin                        3    5  142  187   47.427   49.501 (305)
372 Simpson                        4    6  196  244   47.407   48.603 (325)
373 Robert Morris                  4    6  177  231   47.295   49.513 (303)
374 Evangel                        6    5  259  230   47.239   46.169 (391)
375 Redlands                       8    2  356  172   47.223   39.873 (568)
376 West Georgia                   2    9  233  462   47.212   54.778 (209)
377 Friends                        9    2  315  159   47.195   40.029 (565)
378 Duquesne                       6    4  269  208   47.105   44.771 (422)
379 Eastern Oregon                 1   10  190  314   47.088   54.451 (216)
380 Edinboro                       7    4  393  306   47.080   43.925 (447)
381 Iona                           7    4  292  237   47.056   44.525 (425)
382 West Virginia St               7    3  224  271   47.026   44.221 (435)
383 Millsaps                       8    2  414  119   47.010   38.833 (613)
384 Ohio Northern                  7    3  231  173   47.000   43.686 (455)
385 Minn St-Moorhead               4    7  341  337   46.873   47.943 (339)
386 Gustavus Adolphus              5    5  303  301   46.759   45.976 (396)
387 Malone                         8    4  393  296   46.715   43.145 (467)
388 Cortland St                    8    3  319  198   46.681   43.029 (470)
389 NW Oklahoma St                 8    4  383  190   46.656   42.006 (495)
390 Wash & Jeff                   10    1  508  205   46.641   37.230 (651)
391 North Carolina Wesleyan        9    3  415  284   46.588   40.988 (529)
392 Trinity TX                     9    2  360  194   46.572   39.474 (591)
393 Case Western Reserve          11    1  409  199   46.537   36.683 (659)
394 Virginia Union                 9    3  390  244   46.525   41.436 (513)
395 UW-Stevens Point               6    4  279  226   46.417   43.680 (456)
396 Georgetown DC                  1   10  166  415   46.399   55.092 (200)
397 Sterling                       8    2  333  176   46.359   40.509 (540)
398 Dickinson                      9    2  311  225   46.227   41.101 (526)
399 Baldwin-Wallace                6    4  249  193   46.190   44.471 (428)
400 Randolph-Macon                 8    2  262  173   46.081   41.380 (516)
401 Upper Iowa                     3    8  308  370   46.039   49.115 (314)
402 SW Baptist                     0   11  240  494   46.014   56.019 (184)
403 East Central OK                2    9  221  387   45.976   51.828 (273)
404 Minot St                       6    4  216  180   45.969   43.661 (457)
405 Franklin                       9    2  496  248   45.881   38.185 (630)
406 UW-River Falls                 3    7  305  332   45.865   48.788 (322)
407 Illinois Wesleyan              7    3  195  180   45.854   42.807 (474)
408 Alfred                         8    3  413  254   45.833   41.068 (527)
409 Hamilton                       2    6   91  172   45.817   50.376 (289)
410 Mississippi College            8    2  404  266   45.799   39.530 (584)
411 Hobart                         8    3  390  249   45.653   41.176 (524)
412 UW-Stout                       4    6  202  224   45.590   47.322 (358)
413 Wittenberg                     8    2  341  131   45.538   38.753 (616)
414 Georgetown KY                  6    4  436  223   45.537   42.577 (479)
415 Stillman                       7    4  302  254   45.518   43.694 (453)
416 Southern Conn St               9    4  499  333   45.390   41.284 (521)
417 Lane                           7    3  302  215   45.388   42.286 (487)
418 Hastings                       6    5  209  267   45.375   45.854 (398)
419 Hampden-Sydney                 8    3  394  326   45.353   42.340 (486)
420 John Carroll                   6    4  215  226   45.266   43.986 (446)
421 Mt St Joseph                   9    2  356  172   45.255   37.928 (635)
422 St Ambrose                     8    3  322  141   45.252   39.207 (599)
423 Virginia-Wise                  9    2  544  386   45.226   39.396 (593)
424 Fairmont St                    6    5  180  182   45.176   44.776 (421)
425 Benedictine KS                 4    7  275  245   45.128   46.234 (390)
426 Indiana St                     0   11  123  541   44.967   59.852 (138)
427 Colby                          2    6   83  181   44.949   50.040 (297)
428 Dixie St                       3    8  172  348   44.851   50.182 (292)
429 SW Minnesota St                2    9  257  346   44.850   49.433 (306)
430 Jacksonville FL                3    8  240  351   44.779   49.037 (317)
431 Shaw                           8    4  279  215   44.762   41.857 (499)
432 Christopher Newport            7    3  319  233   44.727   40.157 (556)
433 DePauw                         8    2  293  193   44.707   38.754 (614)
434 Widener                        8    3  205  208   44.689   41.682 (506)
435 Concordia NE                   4    6  203  214   44.664   46.630 (381)
436 West Alabama                   1    9  200  329   44.586   53.063 (255)
437 RPI                            8    2  275  138   44.524   38.046 (633)
438 Dakota Wesleyan                4    6  266  298   44.470   46.649 (379)
439 Humboldt St                    2    8  141  321   44.377   52.372 (264)
440 Urbana                         6    5  268  280   44.346   44.088 (441)
441 Carnegie Mellon                7    4  264  181   44.268   41.394 (515)
442 St Francis PA                  3    7  209  349   44.189   48.279 (329)
443 Washington and Lee             6    3  221  209   44.171   41.210 (523)
444 Bryant                         8    3  302  265   44.112   40.233 (552)
445 Seton Hill                     3    7  258  330   44.102   46.838 (370)
446 Loras                          2    8  187  263   43.985   48.821 (321)
447 St Thomas                      2    8  258  352   43.970   48.855 (320)
448 Bridgewater VA                 7    3  336  194   43.941   39.527 (586)
449 Brockport St                   5    5  235  252   43.924   44.124 (440)
450 Texas Southern                 0   11  154  434   43.918   55.355 (193)
451 Elizabeth City St              5    5  170  150   43.913   43.737 (452)
452 Cumberlands KY                 8    3  340  269   43.910   40.052 (562)
453 Curry                         12    1  474  226   43.894   34.414 (672)
454 Western New Mexico             4    6  198  300   43.870   47.719 (345)
455 North Carolina A&T             0   11  162  369   43.844   53.273 (250)
456 Otterbein                      5    5  281  278   43.836   44.176 (439)
457 UW-Platteville                 2    8  218  294   43.767   48.528 (326)
458 North Greenville               5    6  442  323   43.744   42.567 (480)
459 Kutztown                       5    6  306  319   43.728   44.296 (431)
460 Lenoir-Rhyne                   2    9  156  348   43.704   51.827 (274)
461 St Joseph's IN                 4    7  280  294   43.693   46.984 (365)
462 Shippensburg                   3    8  254  294   43.650   48.043 (336)
463 East Stroudsburg               3    6  239  238   43.636   46.452 (388)
464 Ursinus                        7    3  240  157   43.548   39.719 (574)
465 Willamette                     4    6  251  211   43.491   44.057 (444)
466 Delaware Valley                5    5  253  155   43.474   42.034 (494)
467 Walsh                          5    6  253  290   43.441   44.189 (437)
468 Doane                          4    6  137  312   43.438   46.753 (372)
469 Carthage                       7    3  307  273   43.366   39.985 (566)
470 Augustana IL                   5    5  300  176   43.280   39.739 (572)
471 Marist                         3    8  188  343   43.270   48.197 (331)
472 Geneva                         8    3  261  195   43.168   38.632 (618)
473 Bates                          1    7  104  211   43.119   50.253 (290)
474 Missouri-Rolla                 4    7  334  385   43.080   45.378 (413)
475 Gettysburg                     6    5  324  284   43.046   41.494 (512)
476 Rowan                          4    6  243  192   43.020   43.749 (451)
477 Butler                         4    7  241  345   42.985   45.840 (400)
478 Albright                       7    4  278  219   42.944   40.550 (538)
479 Washington U.                  7    3  263  195   42.944   37.766 (641)
480 Occidental                     7    2  329  194   42.937   36.904 (657)
481 St Norbert                    10    1  420  207   42.911   33.303 (682)
482 Central St OH                  5    5  259  322   42.709   43.693 (454)
483 Hartwick                       8    3  400  384   42.676   39.175 (601)
484 Hardin-Simmons                 6    4  416  420   42.610   41.972 (496)
485 Waynesburg                     8    3  334  196   42.603   37.713 (644)
486 American Int'l                 7    3  252  212   42.547   38.625 (619)
487 Kean                           5    5  280  244   42.419   41.853 (501)
488 Gannon                         0   11  130  531   42.405   54.991 (202)
489 Bentley                        7    3  273  191   42.398   38.384 (626)
490 Valparaiso                     5    6  245  321   42.324   44.276 (432)
491 New Mexico Highlands           4    6  165  246   42.256   45.847 (399)
492 Chapman                        6    3  229  173   42.220   39.477 (590)
493 Elmhurst                       6    4  261  225   42.134   39.917 (567)
494 Sacred Heart                   3    8  293  362   42.046   45.598 (406)
495 Emory & Henry                  4    6  234  177   42.008   42.262 (488)
496 Clark Atlanta                  3    8  165  265   41.946   46.442 (389)
497 Hope                           6    4  339  297   41.942   40.416 (546)
498 McKendree                      6    4  284  165   41.934   38.954 (609)
499 Western Conn St                4    6  207  280   41.897   43.991 (445)
500 Cal Lutheran                   5    4  281  225   41.770   40.263 (551)
501 Springfield                    4    6  306  306   41.752   42.906 (473)
502 St Paul's                      5    5  150  258   41.705   43.059 (469)
503 Dana                           4    7  171  314   41.570   45.337 (415)
504 Heidelberg                     4    6  251  325   41.557   44.472 (427)
505 Carleton                       3    7  228  315   41.544   44.375 (430)
506 Adams St                       2    9  186  359   41.540   49.307 (310)
507 Langston                       5    4  194  148   41.494   39.507 (587)
508 Central Methodist              2    8  119  257   41.476   47.213 (361)
509 Olivet                         6    5  281  215   41.400   40.448 (543)
510 Kentucky St                    3    8  233  385   41.338   46.705 (377)
511 William Paterson               5    5  200  235   41.328   41.537 (510)
512 Moravian                       6    4  256  250   41.305   40.271 (550)
513 Minnesota-Crookston            2    8  124  361   41.267   48.204 (330)
514 Fayetteville St                4    6  193  229   41.262   43.494 (459)
515 Union NY                       5    5  191  182   41.214   41.032 (528)
516 Guilford                       6    4  369  355   41.212   39.395 (594)
517 Millersville                   3    8  172  286   41.165   45.531 (409)
518 Cornell IA                     2    8  167  352   41.152   48.080 (333)
519 WV Wesleyan                    3    8  208  350   41.094   46.649 (380)
520 Johns Hopkins                  4    6  212  224   40.890   42.217 (490)
521 Shorter                        7    4  291  221   40.853   37.800 (638)
522 Southern Nazarene              6    4  250  210   40.844   38.718 (617)
523 Bowie St                       3    7  195  240   40.764   43.821 (449)
524 Marietta                       3    7  155  303   40.713   46.099 (394)
525 Adrian                         7    3  291  144   40.713   36.130 (663)
526 Catholic                       5    5  236  268   40.673   40.822 (530)
527 Valley City St                 4    6  210  318   40.448   43.089 (468)
528 East Texas Baptist             5    5  197  310   40.445   42.213 (491)
529 Rochester                      6    5  265  291   40.437   40.293 (548)
530 Hamline                        3    7  195  356   40.347   45.393 (412)
531 Wilkes                         4    6  233  165   40.336   40.724 (534)
532 Bethany KS                     6    4  170  206   40.275   40.054 (561)
533 Maryville                      7    3  240  193   40.262   36.541 (661)
534 Peru St                        6    5  259  306   40.100   39.385 (595)
535 Olivet Nazarene                5    5  259  270   39.936   39.856 (569)
536 Northwestern MN                8    2  370  175   39.892   30.911 (707)
537 Alma                           5    5  298  279   39.871   39.502 (588)
538 Plymouth St                    9    1  307  186   39.839   32.659 (690)
539 Avila                          2    9  240  390   39.830   45.806 (402)
540 Franklin & Marshall            4    6  208  254   39.808   41.666 (507)
541 Buffalo St                     2    8  208  292   39.790   44.185 (438)
542 Midland Lutheran               2    8  119  344   39.650   47.132 (362)
543 Benedict                       2    9  218  266   39.628   44.488 (426)
544 Dickinson St                   3    7  140  189   39.550   43.424 (462)
545 Husson                         6    3  303  186   39.496   35.333 (668)
546 Quincy                         6    5  235  264   39.422   40.055 (560)
547 Stonehill                      5    5  184  206   39.419   39.271 (598)
548 Kansas Wesleyan                5    5  230  218   39.317   39.528 (585)
549 Virginia St                    3    6  189  236   39.304   43.306 (463)
550 Louisiana College              5    5  295  355   39.298   40.181 (554)
551 Apprentice                     4    6  276  271   39.213   40.420 (545)
552 Brevard                        2    9  200  357   39.207   47.512 (350)
553 Culver-Stockton                1   10  236  437   39.198   46.712 (376)
554 Centre                         6    4  187  201   39.144   38.057 (632)
555 Fort Lewis                     1    9   98  309   39.075   49.817 (300)
556 C.W. Post                      4    6  264  236   38.861   39.490 (589)
557 Merrimack                      4    6  277  280   38.806   39.631 (579)
558 Dakota St                      3    6  151  191   38.804   41.854 (500)
559 Miles                          2    9  130  263   38.788   45.600 (404)
560 Wilmington                     2    8  222  411   38.782   45.409 (411)
561 Concord                        1   10  144  310   38.686   46.560 (384)
562 Oberlin                        5    5  310  323   38.653   38.534 (620)
563 Ferrum                         5    5  242  252   38.612   38.288 (629)
564 Tri-State                      6    4  204  226   38.552   37.497 (648)
565 Allegheny                      5    5  173  150   38.480   37.756 (642)
566 Pikeville                      4    7  238  383   38.474   41.628 (508)
567 Grove City                     4    6  192  180   38.453   39.152 (602)
568 Southwestern KS                4    6  149  276   38.378   41.307 (519)
569 Ohio Wesleyan                  4    6  193  177   38.347   39.040 (606)
570 Sul Ross St                    5    5  327  367   38.298   39.147 (604)
571 Rhodes                         6    4  139  219   38.253   38.479 (622)
572 Lebanon Valley                 4    6  206  252   38.234   39.579 (581)
573 Belhaven                       5    6  373  410   38.108   39.004 (607)
574 Puget Sound                    4    5  185  238   38.103   39.627 (580)
575 Edward Waters                  5    6  254  305   38.009   39.201 (600)
576 Defiance                       5    5  208  206   37.978   37.799 (639)
577 Coast Guard                    8    2  307  199   37.967   33.385 (681)
578 McPherson                      4    6  214  281   37.767   39.712 (575)
579 Whittier                       4    5  236  348   37.761   39.644 (577)
580 St Lawrence                    4    5  216  268   37.747   39.149 (603)
581 St Mary KS                     3    6  148  217   37.641   40.795 (531)
582 St Augustine's                 2    8  131  202   37.626   43.451 (461)
583 Webber Int'l                   3    6  173  273   37.603   42.094 (493)
584 Monmouth IL                    7    3  301  170   37.542   33.549 (680)
585 Wooster                        4    6  241  258   37.507   38.942 (610)
586 Ottawa                         4    6  188  228   37.491   39.711 (576)
587 Huntingdon                     5    5  272  224   37.476   37.171 (653)
588 Westminster PA                 5    5  202  290   37.455   37.785 (640)
589 Frostburg St                   2    7  136  261   37.344   43.151 (466)
590 Johnson C. Smith               3    7  223  269   37.281   40.393 (547)
591 Concordia AL                   2    9  196  357   37.261   43.901 (448)
592 Ripon                          7    3  352  235   37.255   33.070 (685)
593 Rose-Hulman                    7    3  262  245   37.248   34.135 (673)
594 Western St CO                  1   10  200  339   37.206   46.120 (393)
595 Savannah St                    1    9   84  343   37.065   47.550 (349)
596 Union KY                       4    7  287  334   36.978   39.117 (605)
597 Lycoming                       3    7  137  217   36.904   40.457 (542)
598 Menlo                          2    8  168  323   36.872   42.689 (476)
599 Methodist                      4    6  221  245   36.778   38.119 (631)
600 Kentucky Wesleyan              2    8  246  391   36.678   42.676 (478)
601 Cheyney                        1   10  149  454   36.611   46.778 (371)
602 UNC Pembroke                   4    7  212  317   36.564   39.803 (570)
603 Thomas More                    4    6  185  219   36.491   37.969 (634)
604 Lambuth                        3    8  292  457   36.434   41.290 (520)
605 Clarion                        0   11  184  437   36.417   47.902 (341)
606 Southern Virginia              4    5  258  328   36.353   37.632 (647)
607 Assumption                     4    7  241  274   36.340   38.453 (623)
608 Millikin                       2    8  154  304   36.241   42.677 (477)
609 Concordia WI                   7    4  287  156   36.206   33.587 (679)
610 Bethany WV                     4    6  272  314   36.139   37.160 (654)
611 Rockford                       7    3  355  157   36.108   28.009 (711)
612 WPI                            4    6  284  220   36.042   37.005 (656)
613 Lakeland                       6    4  286  238   36.014   34.041 (676)
614 Briar Cliff                    0   11  168  342   36.014   46.839 (369)
615 Bacone                         4    7  263  378   35.996   38.966 (608)
616 St Francis IL                  3    8  155  358   35.880   41.915 (497)
617 Colorado College               4    6  304  346   35.865   37.715 (643)
618 Morrisville St                 3    7  185  426   35.862   41.318 (518)
619 William Penn                   5    6  225  324   35.802   37.701 (645)
620 Thiel                          3    7  189  186   35.788   38.374 (627)
621 Utica                          3    7  199  327   35.743   40.791 (532)
622 Texas Lutheran                 2    8  240  361   35.727   41.338 (517)
623 Chowan                         2    9  199  511   35.557   44.880 (420)
624 Cumberland TN                  3    7  209  317   35.445   39.411 (592)
625 Austin                         4    6  229  288   35.345   37.893 (637)
626 Lock Haven                     1   10  118  400   35.224   47.306 (359)
627 Mayville St                    2    8   94  226   34.912   41.749 (502)
628 Claremont-Mudd-Scripps         3    6  185  275   34.741   38.427 (625)
629 King's PA                      1    9  126  271   34.713   42.551 (481)
630 Marian                         1    9  156  397   34.653   44.661 (424)
631 Lincoln MO                     2    8  157  398   34.546   41.723 (503)
632 Trinity Int'l                  2    9  163  319   34.254   40.645 (536)
633 McMurry                        2    8  233  367   34.230   40.282 (549)
634 Muskingum                      0   10  140  369   34.227   45.600 (405)
635 FDU-Florham                    2    8  124  282   34.218   40.172 (555)
636 Albion                         2    8  204  262   34.214   38.934 (611)
637 Susquehanna                    2    8  192  317   34.158   39.345 (596)
638 Denison                        4    6  214  265   33.939   36.660 (660)
639 Texas College                  3    7  179  283   33.825   40.049 (564)
640 Bridgewater St MA              6    4  255  208   33.765   32.267 (696)
641 South Dakota Tech              3    7  113  245   33.688   37.263 (650)
642 McDaniel                       1    9  132  341   33.663   42.258 (489)
643 Shenandoah                     2    8  154  261   33.632   39.312 (597)
644 Carroll WI                     5    5  257  186   33.619   32.821 (688)
645 La Verne                       1    8  161  285   33.609   40.697 (535)
646 Anderson                       4    6  183  298   33.537   36.820 (658)
647 Howard Payne                   1    9  276  409   33.451   40.545 (539)
648 Chicago                        4    5  196  216   33.392   35.306 (669)
649 Westfield St                   5    4  211  228   33.380   33.088 (684)
650 Taylor                         2    9  199  434   33.357   42.457 (483)
651 UMass-Dartmouth                5    5  285  253   33.270   33.092 (683)
652 Norwich                        2    8  172  327   33.097   40.062 (558)
653 Pomona-Pitzer                  2    7  177  261   32.828   37.916 (636)
654 Nichols                        5    4  159  167   32.384   32.286 (695)
655 Birmingham-Southern            1    7  149  278   32.358   39.735 (573)
656 Lake Forest                    5    5  255  292   32.339   32.906 (687)
657 Tabor                          1    9  209  342   32.319   39.803 (571)
658 Manchester                     3    7  245  259   32.315   35.390 (667)
659 La Salle                       0   10   71  344   32.210   44.275 (433)
660 Maine Maritime                 5    4  212  205   32.192   31.664 (700)
661 West Virginia Tech             1   10  121  492   31.942   44.078 (442)
662 Worcester St                   4    6  183  232   31.768   33.725 (677)
663 Illinois College               4    6  271  226   31.719   32.298 (694)
664 Hanover                        2    8  182  388   31.450   38.754 (615)
665 Merchant Marine                1    9  139  402   31.386   40.149 (557)
666 Mount Ida                      3    7  251  322   31.288   34.962 (670)
667 Martin Luther                  6    3  312  213   31.250   26.200 (713)
668 Juniata                        1    9  193  340   31.198   40.050 (563)
669 Greensboro                     2    8  187  291   31.049   37.178 (652)
670 Pace                           1   10   68  276   30.990   40.058 (559)
671 Sewanee                        1    8  146  245   30.987   38.526 (621)
672 Fitchburg St                   3    6  290  344   30.973   33.654 (678)
673 Wisconsin Lutheran             2    8  135  381   30.875   38.307 (628)
674 Earlham                        3    7  184  378   30.799   36.059 (665)
675 Benedictine IL                 5    5  127  178   30.693   31.361 (703)
676 Western New England            3    7  242  310   30.577   34.108 (674)
677 Greenville                     5    5  285  199   30.417   29.122 (709)
678 Endicott                       3    6  171  212   30.183   34.069 (675)
679 Haskell                        2    8  149  376   30.088   38.431 (624)
680 Macalester                     4    5  250  270   29.943   31.626 (701)
681 Becker                         2    7  247  401   29.892   35.526 (666)
682 LaGrange                       0   10  126  355   29.860   40.471 (541)
683 North Park                     1    9  146  309   29.834   39.575 (582)
684 SW Assem of God                1    9  218  314   29.803   36.371 (662)
685 Kalamazoo                      1    8  145  345   29.786   37.677 (646)
686 Lawrence                       4    6  237  299   29.712   31.869 (698)
687 Aurora                         4    6  189  174   29.515   31.358 (704)
688 Kenyon                         2    8  312  390   29.389   34.636 (671)
689 Waldorf                        2    9  121  347   29.317   39.570 (583)
690 Bluffton                       1    9  123  264   29.206   37.331 (649)
691 Mass Maritime                  3    7  175  190   28.870   31.137 (705)
692 Campbellsville                 0   10  139  408   28.408   41.112 (525)
693 Framingham St                  2    7  166  243   27.780   31.992 (697)
694 Averett                        0   10  135  439   27.546   41.706 (504)
695 Westminster MO                 4    6  277  240   27.477   27.570 (712)
696 Livingstone                    0   10   83  430   26.933   42.909 (472)
697 SUNY-Maritime                  2    8  188  396   26.727   32.768 (689)
698 MIT                            2    7  158  286   26.633   32.603 (691)
699 Salve Regina                   2    7  126  272   26.628   33.030 (686)
700 Knox                           3    7  183  334   26.435   31.384 (702)
701 St Anselm                      0   10  117  486   26.209   40.594 (537)
702 Iowa Wesleyan                  0   11   92  367   26.130   40.198 (553)
703 Faulkner                       0    9  114  320   26.052   37.052 (655)
704 Gallaudet                      2    6  138  282   25.855   31.671 (699)
705 OK Panhandle St                0   10   85  411   25.550   41.703 (505)
706 Lewis & Clark                  0    9  102  495   25.118   41.408 (514)
707 Concordia IL                   3    7  184  315   25.099   29.088 (710)
708 Hiram                          0   10  134  400   23.992   36.111 (664)
709 Beloit                         1    9  147  378   23.564   32.484 (692)
710 Grinnell                       1    9  148  386   23.363   32.448 (693)
711 Crown                          5    4  315  293   23.051   22.343 (718)
712 St Vincent                     0   10  111  500   22.743   38.913 (612)
713 Minnesota-Morris               4    5  288  259   22.271   24.071 (714)
714 Eureka                         2    8  133  372   21.820   29.250 (708)
715 Blackburn                      4    6  284  384   20.682   23.696 (716)
716 Maranatha Baptist              2    7  154  333   15.215   22.696 (717)
717 MacMurray                      0   10   91  448   14.895   30.983 (706)
718 Trinity Bible                  1    8  121  352   10.754   23.738 (715)
719 Principia                      1    8  136  430   10.396   21.806 (719)
