Rnk Team                         WON LOST   PF   PA     RATE      SOS
--- ----                         --- ----  ---  ---  -------  -------
  1 Florida St.                   12    0  458  203   85.137   75.055 ( 10)
  2 Nebraska                      12    1  442  171   82.816   74.115 ( 19)
  3 Virginia Tech                 11    1  484  162   82.743   72.498 ( 49)
  4 Michigan St.                  10    2  378  245   81.389   75.329 (  6)
  5 Michigan                      10    2  361  247   81.322   75.972 (  3)
  6 Alabama                       10    3  378  265   80.540   76.338 (  1)
  7 Kansas St.                    11    1  457  164   80.486   71.534 ( 67)
  8 Wisconsin                     10    2  409  154   80.460   72.199 ( 58)
  9 Penn St.                      10    3  417  234   80.374   75.024 ( 11)
 10 Tennessee                      9    3  369  194   80.196   74.994 ( 12)
 11 Florida                        9    4  403  272   79.461   75.196 (  7)
 12 Marshall                      13    0  463  137   79.342   66.469 (111)
 13 Miami                          9    4  432  220   78.442   73.890 ( 23)
 14 Mississippi St.               10    2  255  156   78.088   72.653 ( 43)
 15 Minnesota                      8    4  368  196   77.228   73.072 ( 35)
 16 Illinois                       8    4  388  275   77.185   74.295 ( 17)
 17 Southern Miss.                 9    3  333  189   76.984   71.433 ( 68)
 18 Purdue                         7    5  384  305   76.819   74.817 ( 14)
 19 Arkansas                       8    4  353  214   76.696   72.577 ( 47)
 20 Texas A&M                      8    4  318  232   76.326   73.119 ( 34)
 21 Texas                          9    5  450  295   76.320   73.793 ( 26)
 22 Georgia Tech                   8    4  461  361   76.268   73.783 ( 27)
 23 Oregon                         9    3  410  284   76.202   72.615 ( 44)
 24 Mississippi                    8    4  323  228   76.090   72.906 ( 37)
 25 Georgia                        8    4  336  310   75.703   73.362 ( 31)
 26 Ohio St.                       6    6  285  287   75.669   75.641 (  5)
 27 Clemson                        6    6  322  253   75.595   75.097 (  8)
 28 East Carolina                  9    3  333  225   75.371   71.165 ( 70)
 29 Stanford                       8    4  418  364   75.070   72.873 ( 38)
 30 Brigham Young                  8    4  335  251   75.026   72.267 ( 55)
 31 Utah                           9    3  380  210   74.964   70.547 ( 78)
 32 Virginia                       7    5  345  365   74.919   73.844 ( 24)
 33 Oklahoma                       7    5  430  229   74.909   71.569 ( 66)
 34 Washington                     7    5  331  302   74.490   73.556 ( 28)
 35 Wake Forest                    7    5  266  209   74.179   72.687 ( 41)
 36 Auburn                         5    6  233  236   74.139   74.697 ( 15)
 37 Colorado                       7    5  405  311   74.098   72.680 ( 42)
 38 Colorado St.                   8    4  345  269   74.059   71.584 ( 65)
 39 Louisiana Tech                 8    3  389  306   74.035   70.141 ( 84)
 40 Notre Dame                     5    7  348  331   73.881   74.886 ( 13)
 41 Kentucky                       6    6  328  343   73.696   73.063 ( 36)
 42 Syracuse                       7    5  300  256   73.542   71.680 ( 63)
 43 Oregon St.                     7    5  347  277   73.514   71.985 ( 60)
 44 Southern Cal                   6    6  348  278   73.128   72.707 ( 40)
 45 Louisville                     7    5  443  365   73.115   71.068 ( 71)
 46 Wyoming                        7    4  302  270   72.827   70.353 ( 81)
 47 Boston College                 8    4  297  308   72.784   70.353 ( 80)
 48 N. Carolina St.                6    6  244  302   72.581   73.219 ( 33)
 49 Houston                        7    4  254  211   72.581   70.672 ( 77)
 50 Arizona St.                    6    6  285  311   72.447   72.599 ( 45)
 51 Arizona                        6    6  339  364   72.427   72.364 ( 53)
 52 Vanderbilt                     5    6  252  256   72.389   72.594 ( 46)
 53 Boise St.                     10    3  430  277   72.322   67.921 (101)
 54 Maryland                       5    6  292  260   72.313   72.050 ( 59)
 55 Memphis                        5    6  232  182   72.312   72.458 ( 50)
 56 Texas Christian                8    4  362  213   72.233   68.877 ( 91)
 57 Oklahoma St.                   5    6  267  274   72.170   72.731 ( 39)
 58 Indiana                        4    7  291  386   71.998   73.842 ( 25)
 59 Fresno St.                     8    5  413  282   71.882   69.525 ( 87)
 60 Air Force                      6    5  264  218   71.876   70.675 ( 76)
 61 San Diego St.                  5    6  272  226   71.833   71.633 ( 64)
 62 Hawaii                         9    4  371  349   71.545   68.799 ( 95)
 63 Ala.-Birmingham                5    6  248  279   71.523   72.575 ( 48)
 64 California                     4    7  180  254   71.283   73.395 ( 30)
 65 UCLA                           4    7  230  311   71.259   73.494 ( 29)
 66 Texas Tech                     6    5  253  282   71.224   70.529 ( 79)
 67 Georgia Southern              13    2  747  262   71.194   60.036 (150)
 68 Pittsburgh                     5    6  281  278   71.122   71.914 ( 62)
 69 Missouri                       4    7  224  371   70.968   74.053 ( 20)
 70 Louisiana St.                  3    8  223  259   70.950   74.172 ( 18)
 71 Iowa St.                       4    7  247  272   70.459   72.259 ( 57)
 72 Kansas                         5    7  294  354   70.410   71.978 ( 61)
 73 West Virginia                  4    7  292  289   70.211   72.379 ( 52)
 74 Duke                           3    8  217  363   70.141   74.425 ( 16)
 75 W. Michigan                    7    5  373  342   70.020   68.250 ( 97)
 76 North Carolina                 3    8  186  272   69.981   73.982 ( 21)
 77 Northwestern                   3    8  141  301   69.939   75.057 (  9)
 78 Rice                           5    6  237  261   69.865   71.048 ( 72)
 79 Idaho                          7    4  304  283   69.802   68.078 (100)
 80 Cincinnati                     3    8  275  289   69.473   72.269 ( 54)
 81 Miami, Ohio                    7    4  335  264   69.377   66.671 (108)
 82 New Mexico St.                 6    5  311  274   69.054   67.043 (107)
 83 Navy                           5    7  326  306   69.035   69.580 ( 86)
 84 Washington St.                 3    9  248  327   68.986   72.260 ( 56)
 85 Texas-El Paso                  5    7  306  389   68.883   70.858 ( 75)
 86 New Mexico                     4    7  240  298   68.877   70.863 ( 74)
 87 Toledo                         6    5  293  229   68.522   67.373 (105)
 88 Illinois St.                  11    3  487  356   68.338   63.555 (118)
 89 Youngstown St.                12    3  421  362   68.150   64.032 (116)
 90 Furman                         9    3  432  220   68.088   61.838 (125)
 91 Akron                          7    4  315  314   67.911   66.151 (112)
 92 Southern Meth.                 4    6  193  235   67.497   69.280 ( 89)
 93 Utah St.                       4    7  234  301   67.495   70.317 ( 82)
 94 Iowa                           1   10  162  347   67.476   75.675 (  4)
 95 Hofstra                       11    2  419  224   67.473   60.824 (138)
 96 Tulane                         3    8  279  399   67.403   71.283 ( 69)
 97 Cent. Florida                  4    7  277  318   67.371   68.807 ( 94)
 98 Temple                         2    9  153  366   67.033   73.937 ( 22)
 99 Army                           3    8  225  317   66.930   70.882 ( 73)
100 Appalachian St.                9    3  369  219   66.767   61.258 (131)
101 Nevada                         3    8  283  418   66.350   69.860 ( 85)
102 San Jose St.                   3    7  258  402   66.283   68.857 ( 93)
103 Arkansas St.                   4    7  246  332   66.273   68.862 ( 92)
104 Ohio U.                        5    6  271  287   66.263   67.371 (106)
105 Massachusetts                  9    4  415  244   66.214   62.586 (121)
106 Louisiana-Monroe               5    6  186  322   66.140   67.527 (104)
107 Montana                        9    3  537  284   66.125   60.743 (140)
108 N. Iowa                        8    3  400  254   66.005   60.661 (143)
109 Florida A&M                   10    4  583  320   65.910   60.851 (137)
110 Bowling Green                  5    6  296  312   65.757   66.529 (110)
111 Troy St.                      11    2  362  224   65.696   58.934 (159)
112 South Carolina                 0   11   87  278   65.474   75.988 (  2)
113 Tennessee St.                 11    1  426  274   65.453   58.211 (166)
114 James Madison                  8    4  273  260   65.258   63.792 (117)
115 Nevada LV                      3    8  160  324   65.239   70.196 ( 83)
116 E. Michigan                    4    7  239  338   65.162   68.103 ( 99)
117 Elon                           9    2  344  193   65.080   58.142 (167)
118 N. Illinois                    5    6  289  289   64.908   65.881 (113)
119 N. Carolina A&T               11    2  324  202   64.785   57.377 (174)
120 W. Illinois                    7    4  383  241   64.679   60.685 (141)
121 Rutgers                        1   10  155  427   64.411   73.336 ( 32)
122 South Florida                  7    4  246  248   64.371   62.464 (122)
123 N. Dakota St.                  9    2  438  184   64.328   56.966 (181)
124 North Dakota                   9    2  272  131   64.197   58.347 (163)
125 Villanova                      7    4  334  324   64.146   62.653 (120)
126 NW Missouri St.               14    1  567  321   63.981   54.393 (207)
127 Tulsa                          2    9  230  386   63.947   69.483 ( 88)
128 N. Colorado                   11    2  503  329   63.485   57.280 (175)
129 Portland St.                   8    3  399  334   63.429   60.551 (145)
130 N. Arizona                     8    4  409  370   63.412   61.048 (134)
131 Baylor                         1   10  137  414   63.269   72.417 ( 51)
132 William & Mary                 6    5  292  266   62.933   61.394 (129)
133 E. Washington                  7    4  326  336   62.675   61.420 (128)
134 North Texas                    2    9  118  291   62.614   68.565 ( 96)
135 Cent. Michigan                 4    7  229  344   62.469   65.790 (114)
136 S. Illinois                    5    6  424  432   62.316   62.695 (119)
137 Delaware                       7    4  322  270   62.313   60.005 (151)
138 Louisiana-Lafay.               2    9  203  415   62.245   69.004 ( 90)
139 Murray St.                     7    4  415  302   62.216   59.418 (156)
140 Carson-Newman                 13    1  597  281   62.213   52.299 (230)
141 Kent                           2    9  213  376   61.874   67.880 (102)
142 Middle Tenn.                   3    8  272  379   61.789   66.669 (109)
143 Southern U.                   11    2  331  237   61.589   55.069 (196)
144 SW Missouri St.                5    6  373  265   61.487   59.743 (152)
145 Wofford                        6    5  364  303   61.463   59.714 (153)
146 Lehigh                        10    2  478  220   61.307   53.171 (218)
147 E. Kentucky                    7    4  311  258   61.159   58.591 (162)
148 Colgate                       10    2  430  253   61.080   54.660 (202)
149 Sacramento St.                 6    5  414  310   60.955   59.114 (157)
150 New Hampshire                  5    6  325  294   60.921   61.020 (135)
151 Indiana St.                    3    8  284  373   60.907   64.926 (115)
152 Stephen F.Austin               8    3  389  260   60.887   56.310 (188)
153 Pittsburg St.                 10    2  416  138   60.666   51.560 (242)
154 UC Davis                      10    2  393  233   60.458   54.693 (201)
155 Jackson St.                    9    3  448  220   60.376   54.839 (199)
156 Richmond                       5    6  279  295   60.350   60.758 (139)
157 Nebraska-Omaha                 7    4  387  317   60.244   57.996 (169)
158 S. Dakota St.                  8    3  351  309   60.185   56.444 (186)
159 Yale                           9    1  315  160   60.125   53.285 (216)
160 E. Tennessee St.               6    5  272  251   60.078   58.112 (168)
161 CSU-Northridge                 5    6  298  398   59.934   61.333 (130)
162 W. Kentucky                    6    5  270  245   59.808   57.685 (172)
163 Tennessee Tech                 5    5  201  177   59.784   59.108 (158)
164 Tn.-Chattanooga                5    6  328  360   59.736   60.658 (144)
165 Hampton U.                     8    4  290  255   59.491   56.925 (182)
166 Catawba                       11    2  403  161   59.392   50.589 (264)
167 Samford                        7    4  335  238   59.152   55.548 (192)
168 Connecticut                    4    7  255  383   59.151   61.960 (124)
169 Brown                          9    1  324  239   58.990   53.040 (220)
170 Maine                          4    7  226  273   58.953   60.984 (136)
171 S. Utah                        8    3  399  277   58.952   54.829 (200)
172 Sam Houston St.                6    5  331  298   58.831   58.346 (164)
173 NW Oklahoma                   13    0  555  161   58.536   43.721 (385)
174 Ferris St.                     7    3  473  262   58.414   53.821 (210)
175 Slippery Rock                 10    2  448  230   58.292   50.302 (270)
176 Indiana, Pa.                   9    4  299  201   58.188   54.031 (209)
177 Cal Poly-SLO                   3    8  246  345   58.092   61.812 (126)
178 McNeese St.                    6    5  220  244   57.869   57.669 (173)
179 Ball St.                       0   11  157  361   57.787   68.218 ( 98)
180 Pac. Lutheran                 13    1  559  267   57.591   48.337 (312)
181 Williams                       7    1  226   85   57.405   49.280 (294)
182 W. Washington                  8    3  367  213   56.948   51.814 (236)
183 SE Missouri                    3    8  245  359   56.871   60.673 (142)
184 Cornell                        7    3  254  235   56.818   53.451 (215)
185 E. Illinois                    2   10  267  365   56.817   62.204 (123)
186 NW Louisiana                   4    7  243  243   56.610   59.492 (154)
187 W. Carolina                    3    8  260  365   56.510   61.232 (132)
188 Northwood                      8    2  331  213   56.510   50.147 (274)
189 Augustana,S.D.                 5    6  282  274   56.487   57.037 (178)
190 N. Michigan                    6    4  275  218   56.453   54.526 (205)
191 Northeastern                   2    9  256  362   56.451   61.143 (133)
192 South Dakota                   4    7  275  346   56.438   58.769 (160)
193 Bethune-Cookman                7    4  277  277   56.219   53.657 (213)
194 Ashland                        7    3  280  187   55.898   52.132 (232)
195 Weber St.                      3    8  251  393   55.872   60.312 (148)
196 S. Oregon                      7    2  297  199   55.843   51.076 (251)
197 Bucknell                       7    4  320  233   55.763   53.152 (219)
198 Missouri West. St              7    4  370  239   55.647   51.674 (240)
199 Penn                           5    5  245  215   55.573   55.055 (197)
200 Minn. St.-Mankato              4    7  318  375   55.500   57.063 (176)
201 Delaware St.                   4    7  261  354   55.492   58.596 (161)
202 NE Oklahoma                   10    4  351  207   55.479   51.514 (245)
203 New Haven                      5    5  313  299   55.469   55.474 (195)
204 Howard U.                      5    6  323  395   55.393   56.818 (184)
205 Georgetown, Ky.               13    1  710  234   55.388   42.421 (417)
206 Idaho St.                      3    8  345  429   55.278   57.933 (171)
207 SW Texas St.                   3    8  217  210   55.267   57.995 (170)
208 Harvard                        5    5  254  191   55.113   54.163 (208)
209 West Chester                   7    3  388  223   55.103   49.503 (290)
210 Grambling St.                  7    4  315  265   55.102   52.943 (222)
211 Shippensburg                   8    3  398  212   55.067   50.143 (275)
212 Buffalo                        0   11  130  426   54.975   67.610 (103)
213 Winston-Salem                  8    3  245  102   54.946   47.490 (326)
214 Arkansas Tech                  9    3  354  248   54.909   50.691 (263)
215 Montana St.                    3    8  269  350   54.881   58.289 (165)
216 Grand Valley St.               5    5  259  273   54.866   54.634 (203)
217 Millersville                   9    3  393  258   54.836   48.801 (303)
218 Liberty                        4    7  225  276   54.727   57.011 (179)
219 Towson St.                     7    4  302  255   54.723   51.937 (235)
220 Citadel                        2    9  147  349   54.243   61.797 (127)
221 S. Arkansas                    8    2  266  169   54.232   49.176 (299)
222 Cent. Oklahoma                 8    3  321  217   54.185   50.470 (267)
223 W. Oregon                      5    5  338  238   54.128   52.352 (228)
224 Michigan Tech                  6    4  197  247   54.064   52.934 (223)
225 Valparaiso                     9    2  290  199   54.016   48.652 (306)
226 Indianapolis                   7    4  220  169   53.994   51.550 (243)
227 Alabama A&M                    6    5  287  230   53.827   53.003 (221)
228 Middlebury                     6    2  151  137   53.811   50.505 (266)
229 Mount Union                   12    1  649  251   53.756   42.029 (429)
230 Hillsdale                      8    3  300  254   53.632   49.460 (291)
231 Cent. Washington               4    5  225  200   53.609   54.413 (206)
232 Texas Southern                 6    5  236  220   53.556   52.490 (226)
233 West Georgia                   8    3  318  236   53.527   49.523 (289)
234 Trinity, Tex.                 12    1  484  185   53.437   42.775 (402)
235 S. Carolina St.                4    6  241  315   53.374   55.512 (193)
236 Cent. Missouri                 7    4  340  213   53.348   49.769 (284)
237 Rowan                         12    2  501  193   53.176   42.692 (410)
238 Rhode Island                   1   10  168  301   53.130   60.467 (146)
239 E. New Mexico                  8    3  294  183   53.123   49.192 (298)
240 Shepherd                       9    2  416  146   53.088   45.833 (348)
241 Amherst                        5    3  126   88   53.047   50.822 (258)
242 Azusa Pacific                  9    3  429  384   52.943   49.579 (288)
243 Angelo St.                     7    4  308  247   52.934   50.836 (256)
244 Presbyterian                   7    4  395  315   52.734   50.734 (260)
245 Mars Hill                      7    4  280  232   52.660   50.314 (269)
246 Fort Valley St.               10    2  316  233   52.638   47.539 (325)
247 Ark.-Pine Bluff                6    5  226  226   52.578   52.089 (233)
248 Columbia                       3    7  175  301   52.555   56.056 (190)
249 Morningside                    3    8  180  315   52.371   56.845 (183)
250 St. Cloud St.                  3    8  205  305   52.345   56.611 (185)
251 Willamette                     7    4  322  185   52.307   47.244 (329)
252 Trinity, Conn.                 5    3  141   97   52.280   49.619 (287)
253 Mary                          11    2  460  117   52.128   41.661 (438)
254 Linfield                       6    3  290  189   52.023   47.586 (324)
255 Delta St.                      6    4  237  189   52.013   50.090 (276)
256 Drake                          7    4  330  173   51.977   48.671 (305)
257 Wesleyan                       5    3  199  165   51.967   49.774 (282)
258 SE Oklahoma                    7    4  315  284   51.917   50.275 (271)
259 Bloomsburg                     7    4  400  297   51.872   48.308 (314)
260 Dayton                         6    4  325  210   51.820   48.956 (301)
261 Missouri Southern              5    6  270  261   51.758   51.533 (244)
262 Princeton                      3    7  184  225   51.731   54.583 (204)
263 Ohio Northern                 11    2  515  248   51.721   42.002 (430)
264 Saginaw Val. St.               4    6  272  362   51.608   53.811 (211)
265 Morehead St.                   5    5  359  310   51.467   51.059 (252)
266 Emporia St.                    5    6  299  247   51.399   50.921 (254)
267 Morgan St.                     2    8  191  334   51.385   57.059 (177)
268 Virginia Union                 8    2  307  124   51.332   43.206 (395)
269 Mercyhurst                     5    5  280  277   51.278   50.942 (253)
270 Gardner-Webb                   7    4  290  196   51.244   48.687 (304)
271 Truman State                   4    7  247  325   51.197   53.657 (214)
272 TX A&M-Kingsville              5    6  239  199   51.133   51.673 (241)
273 Jacksonville St.               2    9  271  383   51.090   56.292 (189)
274 Hastings                      11    1  519  149   50.936   38.664 (549)
275 Nicholls St.                   1   10  133  362   50.933   60.327 (147)
276 Tuskegee                       9    3  277  272   50.826   47.679 (323)
277 Northern St.,S.D.              9    2  387  233   50.791   43.603 (388)
278 Washburn                       6    5  283  280   50.776   50.250 (272)
279 Bates                          4    4  163  126   50.767   49.619 (286)
280 E. Oregon                      5    5  323  275   50.722   48.882 (302)
281 St. John's, Minn.             11    2  353  156   50.699   42.767 (403)
282 Harding                        5    5  309  263   50.647   49.952 (278)
283 Dartmouth                      2    8  138  300   50.417   56.333 (187)
284 McKendree                      9    2  369  204   50.102   43.220 (394)
285 St. Mary's, Cal.               2    9  169  345   50.098   56.984 (180)
286 Lafayette                      4    7  207  271   50.042   52.598 (225)
287 Wis.-Stevens Pt.               9    2  262  205   50.014   45.328 (353)
288 Wartburg                      10    1  384  211   50.013   41.500 (442)
289 Robert Morris                  8    2  328  156   49.958   42.697 (409)
290 W. Maryland                   11    1  385  113   49.887   38.708 (546)
291 North Alabama                  5    6  228  270   49.879   51.813 (237)
292 Tufts                          4    4  151  147   49.841   49.774 (281)
293 Albany, Ga.                    7    3  270  144   49.823   46.402 (339)
294 Hardin-Simmons                12    1  487  280   49.799   42.193 (425)
295 Norfolk St.                    2    9  160  286   49.683   55.833 (191)
296 Redlands                       7    2  401  220   49.610   42.739 (405)
297 Chadron St.                    7    3  289  182   49.603   45.479 (350)
298 Fairmont St.                   8    2  346  253   49.458   44.465 (370)
299 Holy Cross                     3    8  219  323   49.453   53.670 (212)
300 Wittenberg                    11    1  439  187   49.388   38.382 (557)
301 TX A&M-Commerce                4    7  135  227   49.378   52.045 (234)
302 Rocky Mountain                 9    3  502  215   49.349   43.650 (387)
303 Midwestern St.,TX              4    7  198  235   49.291   50.742 (259)
304 Lambuth                        8    4  504  312   49.279   44.185 (377)
305 SW Oklahoma                    5    5  162  161   49.254   49.310 (293)
306 Tarleton St.                   5    6  165  251   49.129   50.431 (268)
307 Tenn.-Martin                   1   10  128  499   49.115   59.438 (155)
308 Abilene Christian              4    6  208  276   49.087   51.283 (247)
309 Humboldt St.                   3    7  167  320   49.022   52.856 (224)
310 Cent. Iowa                    10    2  351  145   48.942   41.406 (443)
311 Savannah St.                   5    6  319  280   48.772   48.460 (310)
312 Nebraska-Kearney               7    3  404  190   48.635   44.480 (369)
313 Georgetown, D.C.               9    2  364  166   48.621   40.232 (497)
314 Fairfield                      9    2  408  147   48.610   39.860 (506)
315 Montclair St.                  9    2  355  240   48.545   41.326 (446)
316 LaVerne                        7    2  309  220   48.525   43.518 (389)
317 Augustana,Ill.                 9    2  357  194   48.434   42.072 (427)
318 Colby                          3    5  163  168   48.358   49.280 (294)
319 St. Francis, Ind.              8    3  366  277   48.352   44.701 (362)
320 Charleston So.                 4    6  219  256   48.348   50.881 (255)
321 Alcorn St.                     3    7  267  302   48.217   51.722 (238)
322 Newberry                       5    6  292  366   48.185   50.012 (277)
323 San Diego                      5    5  215  201   48.183   47.687 (322)
324 Duquesne                       8    3  393  224   48.177   41.373 (444)
325 Morris Brown                   6    5  208  231   48.169   47.827 (320)
326 Hanover                       10    1  355  237   48.107   40.414 (486)
327 Taylor                        10    2  308  240   48.093   42.403 (418)
328 Clarion                        3    7  206  306   47.964   51.704 (239)
329 Albany, N.Y.                   7    2  333  156   47.943   40.382 (487)
330 Findlay                        2    8  158  293   47.939   53.173 (217)
331 Alabama St.                    2    9  240  363   47.858   54.873 (198)
332 VMI                            1   10   77  400   47.854   60.196 (149)
333 Kutztown                       4    6  301  310   47.828   48.130 (316)
334 Westminster, Pa.               3    8  209  237   47.769   50.704 (261)
335 Cent. Arkansas                 4    6  257  294   47.757   49.210 (297)
336 Whitworth                      5    5  260  222   47.742   46.883 (332)
337 Lenoir-Rhyne                   5    6  192  258   47.714   49.640 (285)
338 N.Mex.Highlands                7    4  340  351   47.691   46.623 (334)
339 Kentucky St.                   5    6  286  257   47.607   48.157 (315)
340 Valdosta St.                   3    8  231  221   47.545   49.908 (280)
341 Wis.-Riv. Falls                6    4  264  188   47.521   45.665 (349)
342 E. Cent. Oklahoma              3    7  112  242   47.503   51.498 (246)
343 Miss. Valley St.               3    8  170  373   47.434   52.426 (227)
344 Virginia St.                   6    4  299  188   47.221   44.064 (380)
345 Moorhead St.                   7    4  320  262   46.958   44.691 (363)
346 Winona St.                     7    4  357  246   46.891   43.290 (391)
347 American Intl.                10    2  501  245   46.775   39.275 (521)
348 Millikin                       7    2  275   94   46.771   39.612 (512)
349 Edinboro                       3    8  222  347   46.730   51.167 (249)
350 Bemidji St.                    8    3  362  265   46.701   42.220 (424)
351 W. Connecticut                10    1  416  192   46.681   36.595 (598)
352 Bethel, Minn.                  8    2  372  171   46.531   39.916 (505)
353 Ark.-Monticello                4    7  255  323   46.504   48.373 (311)
354 Wheaton                        7    2  272  144   46.491   40.637 (476)
355 Rensselaer                     9    1  334  102   46.465   34.381 (651)
356 McMurry                        7    2  376  258   46.455   41.742 (436)
357 Chapman                        5    4  328  247   46.310   43.777 (383)
358 Buffalo St.                    7    3  271  263   46.214   42.744 (404)
359 Wis.-LaCrosse                  7    4  291  283   46.186   44.622 (365)
360 Simon Fraser                   3    6  146  277   46.144   49.394 (292)
361 Wash. & Jeff.                  9    3  364  271   46.091   41.980 (432)
362 Montana Tech                   7    4  329  229   46.084   43.263 (392)
363 California, Pa.                5    6  333  297   46.081   46.601 (335)
364 John Carroll                   7    3  324  209   46.016   40.446 (485)
365 Geneva                         8    3  312  254   45.988   42.724 (407)
366 Clinch Valley                  6    3  301  161   45.891   41.259 (450)
367 St. Thomas, Minn.              7    3  255  150   45.838   40.916 (466)
368 W. New Mexico                  4    5  204  266   45.799   46.994 (331)
369 W. Texas A&M                   3    8  160  238   45.782   49.115 (300)
370 Catholic U.                    9    2  417  167   45.645   37.347 (588)
371 Wingate                        3    8  266  472   45.607   51.257 (248)
372 Washington, MO                 8    3  259  152   45.564   39.965 (503)
373 Southwest St.                  6    5  251  189   45.561   44.822 (358)
374 Benedict                       5    5  269  211   45.556   44.460 (371)
375 Lycoming                       9    1  298   68   45.553   36.113 (615)
376 Dickinson St.                  7    3  353  205   45.538   40.272 (494)
377 Ouachita                       3    7  140  295   45.413   49.771 (283)
378 Wilmington, Ohio               9    1  393  173   45.380   36.900 (594)
379 Walsh OH                       7    3  268  237   45.352   41.636 (440)
380 N.C. Central                   5    5  209  162   45.321   45.434 (351)
381 East Stroudsburg               4    7  262  371   45.229   48.496 (309)
382 West Liberty                   6    4  206  215   45.142   43.710 (386)
383 Buena Vista                    7    3  309  164   45.139   40.379 (488)
384 Western St.,Colo.              5    6  276  230   44.965   45.838 (347)
385 Olivet Nazarene                6    4  270  221   44.964   43.263 (393)
386 Pomona-Pitzer                  7    1  286  113   44.918   34.843 (646)
387 Fordham                        0   11  170  410   44.891   55.508 (194)
388 W. Virginia St.                5    5  276  211   44.836   43.997 (381)
389 Menlo                          5    4  264  285   44.798   44.176 (378)
390 Otterbein                      7    3  330  207   44.772   39.589 (513)
391 Miles                          3    7  138  216   44.666   48.534 (308)
392 Gustav Adolphus                7    3  287  169   44.556   39.558 (514)
393 Glenville St.                  5    6  269  266   44.433   44.735 (360)
394 C.W. Post                      9    2  339  221   44.430   38.635 (551)
395 West Alabama                   2    9  201  272   44.419   49.255 (296)
396 Tri-State IN                   6    4  279  232   44.405   42.365 (421)
397 St. Joseph's, IN               4    7  196  241   44.324   47.190 (330)
398 Doane                          7    3  266  189   44.300   40.905 (467)
399 Davidson                       8    3  257  217   44.248   40.978 (462)
400 Carroll, Mont.                 5    6  351  359   44.242   45.012 (356)
401 Aurora                         8    2  285  149   44.155   38.294 (559)
402 Butler                         5    5  217  305   44.138   44.663 (364)
403 Alma                           8    2  310  257   44.080   39.006 (530)
404 Wagner                         5    5  257  186   44.034   42.789 (400)
405 Adams St.                      4    6  248  289   43.953   45.080 (355)
406 Baldwin-Wallace                6    4  260  187   43.880   41.034 (458)
407 Concordia, Moor.               6    4  189  127   43.798   41.146 (454)
408 Mesa, Colo.                    6    5  327  276   43.778   42.567 (413)
409 Allegheny                      6    4  305  138   43.713   38.898 (537)
410 Evangel                        8    2  341  204   43.487   38.013 (563)
411 Tusculum                       2    9  204  368   43.293   50.160 (273)
412 Henderson St.                  2    9  135  347   43.291   50.699 (262)
413 Illinois Weslyn                6    3  183  201   43.227   41.191 (453)
414 Wooster                        8    2  330  121   43.132   33.716 (656)
415 Lane                           2    8  196  312   43.019   48.069 (318)
416 Missouri Val.                  9    3  351  343   42.997   40.127 (500)
417 Southwest Baptist              2    9   63  411   42.931   52.185 (231)
418 Wayne, Mich.                   0   11  201  387   42.916   52.312 (229)
419 Ursinus                       10    2  375  307   42.898   37.781 (568)
420 Huron                          8    3  412  226   42.873   38.528 (553)
421 Upper Iowa                     6    4  291  177   42.704   40.622 (477)
422 Clark Atlanta                  3    7  129  225   42.701   45.985 (345)
423 Ky. Wesleyan                   7    4  333  312   42.667   41.143 (455)
424 St. John's, NY                 7    4  247  142   42.649   39.015 (529)
425 Cal Lutheran                   3    6  235  262   42.638   45.210 (354)
426 Ohio Weslyn                    8    2  232  101   42.596   33.926 (655)
427 Union, N.Y.                    9    2  290  114   42.581   35.785 (622)
428 Prairie View                   2    8  109  324   42.506   49.945 (279)
429 Mississippi Col.               6    4  269  205   42.482   40.501 (481)
430 Bethany, Kan.                  8    2  435  249   42.427   33.220 (661)
431 Morehouse                      2    8  149  227   42.394   47.322 (328)
432 S. Connecticut                 7    3  345  175   42.377   37.396 (585)
433 Stony Brook                    5    5  215  232   42.278   41.786 (435)
434 Rhodes                         6    3  245  191   42.195   39.845 (507)
435 Wis.-Whitewater                3    7  203  251   42.183   46.229 (343)
436 Bowie St.                      5    4  181  255   42.178   42.446 (416)
437 Bowdoin                        1    7   63  221   42.146   50.505 (265)
438 Southwestern, KS               8    3  276  231   42.118   37.670 (573)
439 Livingstone                    4    7  210  229   42.095   44.419 (373)
440 Marist                         6    5  259  266   42.042   40.864 (469)
441 Howard Payne                   5    5  259  216   42.032   41.741 (437)
442 Valley City St.                7    2  240  174   42.015   37.608 (576)
443 Albion                         6    3  232  177   41.979   38.926 (534)
444 Minn.-Duluth                   3    8  198  288   41.964   45.901 (346)
445 St. Norbert                    9    2  390  244   41.944   36.292 (609)
446 Wis.-Platteville               5    5  201  247   41.925   42.332 (423)
447 Bluffton                       7    3  314  221   41.827   37.872 (566)
448 Wis.-Eau Claire                2    8  253  257   41.819   44.989 (357)
449 Simpson, Iowa                  6    4  224  184   41.787   40.714 (473)
450 Tiffin                         5    6  351  265   41.772   41.320 (447)
451 Hope                           5    4  293  163   41.762   39.095 (528)
452 Ithaca                         7    4  308  223   41.754   38.331 (558)
453 Wabash                         5    5  227  208   41.668   41.297 (448)
454 Thomas More                    7    3  267  184   41.606   37.428 (582)
455 Cortland St.                   5    5  285  218   41.580   40.311 (492)
456 Jacksonville FL                3    6  201  251   41.572   44.297 (375)
457 Belhaven                       7    4  273  284   41.494   39.341 (519)
458 Emory & Henry                  6    4  205  199   41.493   40.079 (501)
459 Mid-Am Nazarene                7    4  397  271   41.448   38.160 (561)
460 Augsburg                       6    4  206  237   41.383   40.235 (496)
461 Sioux Falls                    6    3  251  169   41.305   38.497 (554)
462 Concordia, Neb.                5    4  227  227   41.229   40.919 (465)
463 Carthage                       5    4  173  178   41.220   40.736 (472)
464 St. Ambrose                    4    6  254  279   41.210   42.698 (408)
465 Lock Haven                     2    9  232  383   41.197   48.090 (317)
466 Carnegie-Mellon                8    3  242  126   41.105   36.929 (592)
467 St. Xavier                     4    6  204  243   41.023   42.921 (399)
468 Wis.-Oshkosh                   3    7  178  300   40.954   44.579 (366)
469 Randolph-Macon                 5    5  271  257   40.941   40.576 (479)
470 Langston                       4    4  219  231   40.878   42.359 (422)
471 Frostburg St.                  8    3  304  227   40.856   37.388 (586)
472 Brockport St.                  6    4  186  172   40.832   39.225 (524)
473 Claremont-Mudd                 5    4  225  228   40.828   39.816 (509)
474 Concord                        3    8  174  263   40.798   44.577 (367)
475 Northwestern, IA               5    4  211  237   40.786   41.025 (460)
476 Sewanee                        6    4  245  186   40.762   38.887 (538)
477 Malone                         4    6  137  171   40.740   42.546 (414)
478 Fort Hays St.                  2    9  179  273   40.697   46.598 (336)
479 Plymouth St.                   8    3  267  136   40.673   35.691 (626)
480 Austin Peay                    3    8  240  423   40.673   46.390 (341)
481 North Greenville               5    6  231  383   40.668   43.032 (397)
482 Wayne, Neb.                    3    8  348  459   40.623   45.333 (352)
483 Hamilton                       0    8  111  260   40.378   50.822 (257)
484 St. Francis, Ill.              3    7  215  342   40.368   44.533 (368)
485 DePauw                         5    5  202  208   40.343   40.603 (478)
486 Fort Lewis                     2    9  173  343   40.309   46.571 (338)
487 Grove City                     6    4  281  199   40.276   37.694 (571)
488 Bridgewater,Va.                5    5  267  214   40.266   39.761 (511)
489 Baker                          6    4  190  176   40.196   38.487 (555)
490 Central Conn. St.              4    6  227  256   40.143   41.658 (439)
491 Minn.-Crookston                3    7  269  284   40.106   42.486 (415)
492 Merrimack                      7    3  220  166   40.001   36.565 (599)
493 Lindenwood                     5    5  304  211   39.930   38.716 (545)
494 Coe                            4    6  284  255   39.714   40.921 (464)
495 Bridgewater,Mass.             10    1  468  246   39.646   30.666 (670)
496 Maryville, Tenn.               7    3  215  151   39.624   35.881 (618)
497 William Jewell                 5    4  249  232   39.613   38.149 (562)
498 Nebraska Weslyn                4    6  207  199   39.596   40.739 (471)
499 W. Va. Weslyn                  2    8   80  304   39.542   47.838 (319)
500 MaryHardin-Baylor              4    6  208  215   39.496   40.283 (493)
501 Ottawa, Kan.                   6    3  414  265   39.484   33.972 (654)
502 Minot St.                      4    4  142  205   39.431   41.108 (456)
503 Benedictine,Kan.               5    5  340  254   39.264   37.927 (565)
504 Loras                          4    6  231  255   39.168   40.976 (463)
505 Susquehanna                    7    3  219  172   39.134   36.186 (613)
506 Midland Lutheran               4    6  218  315   38.965   40.807 (470)
507 Centre                         5    5  216  229   38.962   38.994 (531)
508 Muhlenberg                     6    4  332  223   38.952   36.382 (605)
509 McPherson                      7    3  350  215   38.884   32.682 (664)
510 Mount Senario                  7    3  351  178   38.835   33.110 (662)
511 Wilkes                         7    4  300  173   38.826   35.720 (625)
512 Dickinson                      6    4  215  244   38.620   37.561 (579)
513 Lakeland                       5    5  321  262   38.478   37.428 (583)
514 Iona                           5    5  239  271   38.425   38.988 (532)
515 Washington & Lee               5    5  268  249   38.371   37.657 (574)
516 Peru St.                       3    7  254  328   38.280   42.388 (420)
517 Austin Col.                    3    7  243  341   38.280   42.058 (428)
518 Springfield                    4    6  351  318   38.262   38.807 (540)
519 Grinnell                       7    3  339  298   38.091   35.451 (630)
520 NewJersey-Trenton              4    5  190  153   38.011   38.604 (552)
521 Juniata                        6    4  326  231   37.962   35.977 (616)
522 Beloit                         7    3  265  210   37.936   35.149 (641)
523 Wesley                         6    4  263  215   37.908   36.702 (596)
524 Puget Sound                    1    8  134  370   37.891   48.594 (307)
525 Wis.-Stout                     2    8  195  299   37.847   42.726 (406)
526 Mac Murray                     6    4  321  230   37.809   35.309 (636)
527 Pace                           6    4  229  238   37.787   36.697 (597)
528 Johnson C. Smith               2    9  118  331   37.775   46.711 (333)
529 Ferrum                         6    4  157  103   37.709   35.742 (623)
530 Dana                           4    6  237  361   37.663   40.163 (499)
531 Concordia, Wis.                5    5  319  262   37.659   37.112 (591)
532 Westminster (MO)               8    2  492  264   37.647   31.304 (666)
533 Monmouth, N.J.                 2    8  159  274   37.617   44.772 (359)
534 Waynesburg                     5    4  316  272   37.555   36.389 (603)
535 St. Olaf                       3    7  197  253   37.528   41.199 (452)
536 Montana St.-North              3    7  145  375   37.509   42.393 (419)
537 Trinity, Ill.                  1    9  205  349   37.387   44.305 (374)
538 Widener                        6    4  289  279   37.347   36.515 (600)
539 Chicago                        5    4  121  102   37.279   36.506 (601)
540 Quincy                         3    8  193  388   37.277   43.154 (396)
541 Panhandle St.                  1    9  132  373   37.260   46.580 (337)
542 Hobart                         5    4  209  171   37.237   35.722 (624)
543 Worcester Tech                 5    4  185  249   37.235   37.369 (587)
544 Sul Ross St.                   2    8  197  375   37.036   42.776 (401)
545 LaSalle                        4    6  181  252   37.016   39.253 (523)
546 William Penn                   3    7  206  325   36.878   41.205 (451)
547 W. Virginia Tech               1   10  145  424   36.858   46.269 (342)
548 Mansfield                      1    9  154  373   36.846   46.393 (340)
549 Ripon                          6    4  332  228   36.836   35.074 (642)
550 Defiance                       4    5  201  266   36.759   37.931 (564)
551 Occidental                     2    7  121  273   36.717   42.633 (412)
552 Franklin                       4    6  260  270   36.570   37.584 (578)
553 Heidelberg                     4    6  181  272   36.496   40.248 (495)
554 Graceland                      4    6  319  368   36.446   37.731 (570)
555 Black Hills St.                4    6  267  313   36.430   38.684 (547)
556 W. Montana                     1    8  129  371   36.397   44.238 (376)
557 Cornell, Iowa                  3    7  192  413   36.309   41.262 (449)
558 Eureka                         4    6  226  233   36.233   37.646 (575)
559 Bethany,W.Va.                  4    6  142  178   36.208   37.689 (572)
560 Guilford                       4    6  144  233   36.087   38.723 (544)
561 Texas Lutheran                 3    7  241  353   36.080   39.108 (527)
562 Johns Hopkins                  4    6  248  260   36.048   37.423 (584)
563 Salve Regina                   8    3  307  156   35.979   30.109 (675)
564 Ill. Benedictine               6    4  178  232   35.974   35.329 (634)
565 Bentley                        4    7  292  288   35.906   37.605 (577)
566 Mount St. Joseph               3    7  225  255   35.830   38.918 (535)
567 Elmhurst                       2    7  131  229   35.801   40.983 (461)
568 Bryant College                 5    4  186  192   35.679   35.315 (635)
569 Iowa Weslyn                    1    9  158  377   35.649   44.449 (372)
570 Campbellsville                 2    8  229  335   35.585   41.997 (431)
571 Friends                        4    6  189  226   35.580   36.258 (610)
572 Urbana                         1   10  149  385   35.533   43.752 (384)
573 Cumberland, Tenn.              2    8  207  369   35.528   42.677 (411)
574 Sterling                       5    5  273  234   35.490   32.943 (663)
575 Lake Forest                    5    5  267  255   35.482   35.357 (632)
576 Mayville St.                   2    7  179  253   35.433   40.377 (489)
577 North Central                  2    7  102  218   35.393   41.078 (457)
578 Luther                         2    8  178  313   35.306   41.362 (445)
579 Muskingum                      3    7  250  319   35.260   40.176 (498)
580 Kalamazoo                      3    6  136  168   35.189   37.771 (569)
581 Fayetteville St.               1   10  122  444   35.089   47.800 (321)
582 Chowan                         5    4  206  212   34.976   34.414 (650)
583 Hamline                        2    8  151  186   34.974   40.644 (475)
584 Missouri-Rolla                 0   11   80  411   34.940   51.089 (250)
585 Merchant Marine                3    7  218  344   34.893   38.728 (543)
586 Cheyney                        1   10  157  438   34.889   45.996 (344)
587 Dakota St.                     5    5  249  291   34.844   35.544 (629)
588 Siena                          3    7  141  215   34.835   39.347 (518)
589 Anderson, Ind.                 2    8  139  327   34.821   41.838 (434)
590 Kings, Pa.                     5    5  197  244   34.814   35.342 (633)
591 Fair. Dickinson                5    6  190  232   34.756   35.907 (617)
592 Hartwick                       6    4  257  234   34.753   33.597 (657)
593 Jersey City St.                3    7  203  350   34.647   39.517 (516)
594 Carroll, Wis.                  5    5  224  254   34.561   35.171 (639)
595 St. Anselm                     4    5  204  277   34.548   36.390 (602)
596 North Park                     2    7  134  204   34.503   39.838 (508)
597 Millsaps                       2    8  182  336   34.164   40.566 (480)
598 Adrian                         2    7  180  292   34.151   39.506 (517)
599 Cumberland, Ky.                3    8  147  331   34.128   40.474 (483)
600 Greensboro                     3    6  230  233   34.046   35.655 (628)
601 Alfred                         6    4  236  208   34.039   31.972 (665)
602 Greenville                     5    5  329  422   33.828   34.683 (648)
603 Marietta                       2    8  196  322   33.665   40.872 (468)
604 Norwich                        4    6  194  179   33.507   34.597 (649)
605 Eliz. City St.                 1   10  118  327   33.453   44.107 (379)
606 Gannon                         1    9  133  374   33.450   43.457 (390)
607 Mass.-Lowell                   3    7  140  291   33.329   38.681 (548)
608 Concordia, St.P.               2    8  162  361   33.248   41.031 (459)
609 Mass. Maritime                 8    2  262  185   33.187   27.611 (686)
610 Colorado Col.                  2    7  160  320   33.176   40.022 (502)
611 Jamestown                      1    8  189  333   33.113   40.703 (474)
612 Dubuque                        1    9  178  401   32.965   41.596 (441)
613 Colorado Mines                 1    9  100  447   32.930   43.807 (382)
614 Whittier                       0    9   99  360   32.897   44.725 (361)
615 Lawrence                       3    7  201  289   32.853   36.384 (604)
616 Albright                       3    7  210  275   32.818   35.862 (619)
617 Manchester                     2    8  178  317   32.804   39.143 (526)
618 Stillman                       3    5  120  160   32.769   35.861 (620)
619 Methodist                      3    7  186  278   32.706   36.792 (595)
620 Carleton                       2    8  133  321   32.636   40.369 (490)
621 Rose-Hulman                    2    8  150  324   32.572   39.193 (525)
622 Franklin&Marshall              2    8  150  279   32.529   38.969 (533)
623 S. Dakota Mines                2    8  211  359   32.356   37.528 (581)
624 Thiel                          3    7  162  242   32.324   35.161 (640)
625 Culver-Stockton                1    9  208  328   32.317   38.791 (541)
626 Salisbury St.                  2    7  126  238   32.315   37.322 (589)
627 Bethel, Kan.                   3    7  261  259   32.273   33.286 (660)
628 Capital                        2    8  231  422   32.205   40.495 (482)
629 Rochester                      3    6  118  268   32.203   37.138 (590)
630 Denison                        4    6  200  253   32.194   34.900 (644)
631 St. Francis, Pa.               2    9  117  359   32.070   40.459 (484)
632 Nichols                        6    3  195  126   32.039   27.944 (684)
633 Lincoln MO                     0    3   37  132   31.939   47.372 (327)
634 Gettysburg                     3    7  264  339   31.861   36.330 (608)
635 Martin Luther                  5    3  223  211   31.837   30.510 (673)
636 Hampden-Sydney                 1    9   98  267   31.809   39.930 (504)
637 Lewis & Clark                  0    9   66  433   31.772   48.318 (313)
638 Knox                           3    7  229  298   31.704   34.809 (647)
639 Assumption                     3    7  216  320   31.562   35.278 (638)
640 Illinois Col.                  2    8  261  390   31.226   35.819 (621)
641 Monmouth, Ill.                 2    8  234  341   31.138   35.687 (627)
642 Moravian                       2    8  200  283   30.851   35.399 (631)
643 Sacred Heart                   2    9  133  349   30.834   38.846 (539)
644 Kansas Weslyn                  2    7  174  228   30.802   34.844 (645)
645 Curry                          7    3  191  164   30.654   27.749 (685)
646 Macalester                     2    8  127  432   30.360   39.767 (510)
647 Mount Ida                      3    4  162  184   30.332   31.068 (668)
648 Lebanon Val.                   2    8   98  243   30.317   36.926 (593)
649 MIT                            6    4  193  215   30.193   28.437 (679)
650 Minnesota-Morris               0   11  155  495   29.882   42.970 (398)
651 Dakota Weslyn                  0   10  185  365   29.820   38.903 (536)
652 Wm. Paterson                   2    8  137  345   29.782   38.782 (542)
653 Case Reserve                   2    8  169  280   29.688   36.336 (607)
654 Coast Guard                    1    9  130  336   29.518   38.382 (556)
655 Fitchburg St.                  6    4  257  240   29.086   27.540 (687)
656 Delaware Val.                  2    8  134  327   29.062   35.302 (637)
657 Union, Ky.                     0   11  151  470   28.951   42.096 (426)
658 Canisius                       1   10  133  431   28.660   39.550 (515)
659 St. Peter's                    1   10  125  328   28.437   39.267 (522)
660 Northwestern, MN               3    7  217  228   28.026   30.532 (672)
661 Olivet                         0    9  147  334   27.693   38.659 (550)
662 St. John Fisher                1    8   81  249   27.642   37.829 (567)
663 Stonehill                      0   10  151  370   27.593   38.239 (560)
664 Maine Maritime                 3    6  202  216   27.565   29.857 (676)
665 Blackburn                      2    8  187  343   27.286   33.513 (658)
666 Cent. Methodist                0   10  141  490   27.252   39.335 (520)
667 Hiram Col.                     0   10  136  491   27.058   41.960 (433)
668 Mass.-Dartmouth                3    7  210  222   26.934   30.558 (671)
669 Bethel, Tenn.                  2    7  129  286   26.822   34.154 (652)
670 Newport News                   0    9  132  349   26.770   37.540 (580)
671 Concordia, Ill.                2    8  178  410   26.644   34.009 (653)
672 Westfield St.                  4    6  225  253   26.380   28.220 (681)
673 Swarthmore                     1    8  109  314   25.958   36.114 (614)
674 Trinity Bible                  3    4  147  204   25.854   28.325 (680)
675 St. Lawrence                   0   10  188  380   25.663   36.204 (612)
676 Marantha Baptist               2    6  175  296   24.950   30.380 (674)
677 W. New England                 3    7  175  272   24.251   27.953 (683)
678 Kenyon                         1    9  137  301   24.220   36.248 (611)
679 Earlham                        2    8   74  372   24.034   34.993 (643)
680 Kean                           0    9   71  362   23.805   40.357 (491)
681 Worcester St.                  1    9  176  276   23.741   30.931 (669)
682 Framingham St.                 2    8  177  258   23.104   27.954 (682)
683 Principia                      3    5  194  210   21.721   23.175 (689)
684 Haskell Indian                 2    2   69  116   21.665   24.515 (688)
685 Crown                          0    9  204  391   19.728   31.151 (667)
686 Oberlin                        0   10   81  526   15.860   33.310 (659)
687 SW Assem Of God                1    8   84  336   15.733   29.653 (677)
688 Mass.-Boston                   0   10   56  352   14.833   29.181 (678)
689 Tabor                          0   10   78  627   10.898   36.373 (606)
