Rnk Team                         WON LOST   PF   PA     RATE      SOS
--- ----                         --- ----  ---  ---  -------  -------
  1 LSU                           13    1  475  154   83.103   72.390 ( 31)
  2 USC                           12    1  534  239   80.852   72.575 ( 25)
  3 Oklahoma                      12    2  601  214   80.319   72.698 ( 18)
  4 Georgia                       11    3  371  203   79.756   73.735 (  5)
  5 Ohio St                       11    2  322  229   78.751   73.496 (  8)
  6 Michigan                      10    3  460  219   78.743   72.393 ( 30)
  7 Florida St                    10    3  419  217   78.645   74.081 (  3)
  8 Miami FL                      11    2  361  196   78.329   71.907 ( 40)
  9 Iowa                          10    3  373  210   77.996   72.468 ( 29)
 10 Texas                         10    3  533  280   77.863   71.600 ( 47)
 11 Kansas St                     11    4  549  244   77.729   71.683 ( 45)
 12 Miami OH                      13    1  602  272   77.704   68.854 ( 80)
 13 Tennessee                     10    3  365  239   77.200   72.521 ( 28)
 14 Mississippi                   10    3  442  285   76.962   71.229 ( 51)
 15 Washington St                 10    3  394  257   76.820   71.972 ( 38)
 16 Florida                        8    5  390  271   76.807   73.157 ( 11)
 17 Maryland                      10    3  406  206   76.673   71.087 ( 53)
 18 Purdue                         9    4  349  226   76.542   72.655 ( 20)
 19 Nebraska                      10    3  322  188   76.497   71.238 ( 49)
 20 Boise St                      13    1  602  239   76.192   67.192 (100)
 21 Clemson                        9    4  365  250   76.169   72.269 ( 36)
 22 Arkansas                       9    4  436  305   76.059   72.292 ( 35)
 23 Utah                          10    2  344  229   76.058   70.814 ( 57)
 24 Auburn                         8    5  342  212   75.750   72.899 ( 14)
 25 Minnesota                     10    3  503  285   75.621   69.758 ( 68)
 26 Oklahoma St                    9    4  467  326   75.212   70.531 ( 60)
 27 NC State                       8    5  489  385   74.956   72.309 ( 34)
 28 Bowling Green                 11    3  470  304   74.866   68.506 ( 82)
 29 Virginia                       8    5  364  265   74.664   72.352 ( 32)
 30 Texas Tech                     8    5  552  442   74.389   71.674 ( 46)
 31 California                     8    6  457  341   74.297   72.618 ( 23)
 32 Oregon St                      8    5  433  301   74.211   71.054 ( 55)
 33 Michigan St                    8    5  363  293   74.154   71.939 ( 39)
 34 Oregon                         8    5  356  348   73.912   72.350 ( 33)
 35 Georgia Tech                   7    6  274  266   73.835   73.161 ( 10)
 36 Virginia Tech                  8    5  460  299   73.237   70.138 ( 64)
 37 Wisconsin                      7    6  355  306   73.198   72.526 ( 27)
 38 TCU                           11    2  380  276   73.081   67.426 ( 92)
 39 Missouri                       8    5  399  287   72.952   70.012 ( 65)
 40 Colorado St                    7    6  381  318   72.892   71.717 ( 43)
 41 West Virginia                  8    5  376  297   72.881   70.527 ( 61)
 42 Pittsburgh                     8    5  389  311   72.746   70.714 ( 58)
 43 New Mexico                     8    5  391  290   72.718   69.623 ( 71)
 44 Boston College                 8    5  370  331   72.670   71.092 ( 52)
 45 South Carolina                 5    7  268  314   72.592   73.712 (  6)
 46 N Illinois                    10    2  386  258   72.582   65.896 (111)
 47 Southern Miss                  9    4  293  226   72.435   69.515 ( 73)
 48 Notre Dame                     5    7  243  315   72.402   74.286 (  2)
 49 Alabama                        4    9  331  333   72.204   74.369 (  1)
 50 Wake Forest                    5    7  335  347   72.078   72.814 ( 16)
 51 Colorado                       5    7  319  398   72.067   73.612 (  7)
 52 Washington                     6    6  312  316   71.937   71.711 ( 44)
 53 Northwestern                   6    7  263  326   71.888   72.661 ( 19)
 54 Connecticut                    9    3  408  300   71.630   67.362 ( 96)
 55 Fresno St                      9    5  322  317   71.565   69.149 ( 77)
 56 UCLA                           6    7  248  305   71.553   72.592 ( 24)
 57 Air Force                      7    5  322  242   71.547   69.651 ( 69)
 58 UNLV                           6    6  256  272   71.003   71.235 ( 50)
 59 Syracuse                       6    6  320  301   70.695   70.430 ( 62)
 60 Marshall                       8    4  350  278   70.654   67.384 ( 94)
 61 Kansas                         6    7  384  396   70.642   70.862 ( 56)
 62 Memphis                        9    4  393  250   70.525   66.519 (105)
 63 Arizona St                     5    7  298  328   70.440   71.845 ( 41)
 64 Toledo                         8    4  389  285   70.364   66.851 (103)
 65 Delaware                      15    1  555  247   70.355   61.650 (127)
 66 Louisville                     9    4  450  361   70.355   67.136 (101)
 67 Hawaii                         9    5  486  427   70.318   68.124 ( 85)
 68 Brigham Young                  4    8  196  310   70.109   73.015 ( 12)
 69 San Diego St                   6    6  224  207   70.091   69.451 ( 74)
 70 Stanford                       4    7  186  324   69.913   72.745 ( 17)
 71 Texas A&M                      4    8  304  465   69.886   72.949 ( 13)
 72 Navy                           8    5  396  283   69.544   66.507 (106)
 73 Rutgers                        5    7  329  354   69.344   69.832 ( 67)
 74 Tulsa                          8    5  400  361   69.305   67.235 ( 99)
 75 Duke                           4    8  211  343   69.131   72.178 ( 37)
 76 Penn St                        3    9  233  255   69.104   72.539 ( 26)
 77 Grand Valley St               14    1  551  200   68.835   59.661 (144)
 78 South Florida                  7    4  276  224   68.751   64.589 (116)
 79 Wyoming                        4    8  286  360   68.672   71.061 ( 54)
 80 Houston                        7    6  448  468   68.421   67.963 ( 86)
 81 North Texas                    9    4  358  285   68.344   65.773 (112)
 82 Nevada                         6    6  282  338   68.210   68.305 ( 84)
 83 Kentucky                       4    8  328  321   67.803   69.634 ( 70)
 84 UAB                            5    7  245  287   67.747   68.979 ( 78)
 85 Louisiana Tech                 5    7  310  394   67.716   69.859 ( 66)
 86 Saginaw Val                   12    1  437  187   67.684   59.140 (149)
 87 North Carolina                 2   10  317  459   67.606   72.644 ( 22)
 88 W Michigan                     5    7  331  370   67.084   68.397 ( 83)
 89 Akron                          7    5  435  353   67.047   64.962 (114)
 90 Arizona                        2   10  181  429   66.987   73.904 (  4)
 91 Cincinnati                     5    7  303  319   66.819   67.915 ( 87)
 92 Colgate                       15    1  480  303   66.810   58.273 (161)
 93 S Illinois                    10    2  437  229   66.795   57.528 (174)
 94 Rice                           5    7  343  378   66.618   67.852 ( 89)
 95 N Iowa                        10    3  390  246   66.449   62.154 (123)
 96 Vanderbilt                     2   10  235  358   66.245   71.781 ( 42)
 97 W Illinois                     9    4  472  331   66.050   61.813 (126)
 98 Tulane                         5    7  337  424   66.023   67.734 ( 90)
 99 Iowa St                        2   10  173  437   66.010   73.454 (  9)
100 Kent                           5    7  321  396   65.945   67.887 ( 88)
101 Montana                        9    4  430  266   65.932   62.212 (122)
102 Ball St                        4    8  261  386   65.898   68.880 ( 79)
103 Wofford                       12    2  383  207   65.859   58.535 (158)
104 Troy St                        6    6  185  272   65.824   66.284 (108)
105 N Arizona                      9    4  409  305   65.780   61.834 (125)
106 Mississippi St                 2   10  225  471   65.762   72.851 ( 15)
107 W Kentucky                     9    4  427  219   65.762   59.231 (148)
108 N Alabama                     13    1  543  198   65.332   55.348 (204)
109 Massachusetts                 10    3  368  295   65.323   60.662 (134)
110 Penn                          10    0  346  164   64.979   55.791 (197)
111 Baylor                         3    9  191  455   64.890   70.632 ( 59)
112 Idaho St                       8    4  394  423   64.576   62.711 (120)
113 Illinois                       1   11  203  398   64.499   72.650 ( 21)
114 Indiana                        2   10  177  388   64.245   71.369 ( 48)
115 FL Atlantic                   11    3  404  306   64.176   58.210 (162)
116 Montana St                     7    6  330  215   64.055   62.005 (124)
117 McNeese St                    10    2  405  284   63.950   59.031 (152)
118 Weber St                       8    4  325  241   63.822   59.317 (146)
119 N Colorado                     9    2  425  180   63.751   54.562 (219)
120 San Jose St                    3    8  259  386   63.665   67.708 ( 91)
121 Villanova                      7    4  314  178   63.384   60.258 (138)
122 North Dakota                  12    2  428  268   63.327   56.262 (193)
123 Cal Poly SLO                   7    4  316  241   63.298   60.266 (137)
124 E Washington                   6    5  344  321   63.211   62.491 (121)
125 Middle Tenn St                 4    8  332  375   63.189   66.345 (107)
126 Temple                         1   11  235  393   62.960   70.229 ( 63)
127 Valdosta St                   10    2  391  206   62.767   56.182 (194)
128 Lehigh                         8    3  330  185   62.603   57.145 (183)
129 N Dakota St                    8    3  331  168   62.556   57.270 (182)
130 Northeastern                   8    4  414  219   62.444   57.745 (169)
131 UCF                            3    9  224  373   62.265   67.391 ( 93)
132 Utah St                        3    9  264  315   62.209   66.684 (104)
133 Trinity CT                     8    0  248   30   62.204   49.116 (309)
134 E Michigan                     3    9  205  371   62.064   67.351 ( 97)
135 LA Lafayette                   4    8  266  415   62.027   66.150 (110)
136 Ohio                           2   10  263  372   61.959   67.369 ( 95)
137 C Michigan                     3    9  277  428   61.829   67.306 ( 98)
138 East Carolina                  1   11  217  428   61.246   69.405 ( 75)
139 St John's MN                  14    0  534  149   61.209   45.124 (377)
140 Maine                          6    5  297  237   61.185   60.008 (141)
141 UC Davis                       6    4  295  184   61.093   58.042 (166)
142 TX A&M K'ville                11    2  395  228   60.989   54.475 (221)
143 Idaho                          3    9  248  314   60.782   65.628 (113)
144 Portland St                    4    7  220  327   60.714   63.412 (118)
145 SF Austin                      7    4  343  230   60.686   58.192 (163)
146 Illinois St                    6    6  318  293   60.614   59.741 (143)
147 Arkansas St                    5    7  242  401   60.588   63.496 (117)
148 Buffalo                        1   11  177  445   60.505   69.525 ( 72)
149 New Mexico St                  3    9  262  341   60.348   64.911 (115)
150 Youngstown St                  5    7  281  283   60.261   60.824 (132)
151 S Arkansas                     9    3  385  285   60.121   55.889 (196)
152 Texas-El Paso                  2   11  288  498   60.102   66.884 (102)
153 William & Mary                 5    5  287  299   60.101   60.397 (136)
154 Mt Union                      13    1  660  108   60.041   45.071 (378)
155 Harvard                        7    3  317  221   59.813   56.367 (192)
156 Northwood MI                   6    5  307  250   59.557   59.066 (151)
157 Michigan Tech                  5    5  352  321   59.524   59.365 (145)
158 Winona St                     11    2  493  212   59.466   51.066 (252)
159 Jacksonville St                8    4  316  278   59.438   57.310 (181)
160 James Madison                  6    6  307  284   59.429   58.623 (157)
161 Ferris St                      6    5  285  286   59.373   59.083 (150)
162 Southern Univ                 12    1  520  195   59.350   48.217 (323)
163 Delta St                       9    2  458  208   59.338   51.570 (245)
164 Appalachian St                 7    4  252  219   59.249   57.528 (175)
165 Carroll MT                    14    0  621  189   59.221   45.975 (358)
166 Fordham                        9    3  386  251   59.210   54.921 (211)
167 Nicholls St                    5    6  389  280   59.191   57.703 (170)
168 NE Omaha                       8    3  391  265   59.187   54.667 (218)
169 Furman                         6    5  278  155   59.166   58.067 (165)
170 S Utah                         4    7  240  283   59.052   60.690 (133)
171 Yale                           6    4  354  284   58.980   56.806 (188)
172 S Dakota St                    7    4  297  192   58.818   55.753 (198)
173 New Hampshire                  5    7  406  380   58.768   58.893 (154)
174 Rhode Island                   4    8  309  381   58.656   61.044 (129)
175 SW Missouri St                 4    7  288  276   58.649   59.853 (142)
176 Army                           0   13  206  476   58.634   68.833 ( 81)
177 Findlay                        6    5  225  270   58.544   58.521 (159)
178 Ga Southern                    7    4  311  232   58.474   55.116 (205)
179 E Kentucky                     7    5  347  352   58.443   57.806 (168)
180 Edinboro                       9    3  357  196   58.386   53.254 (230)
181 SMU                            0   12  134  386   58.380   69.245 ( 76)
182 Indianapolis                   6    5  287  368   58.240   57.501 (176)
183 Pittsburg St                   9    3  459  163   58.125   50.687 (266)
184 St Cloud                       7    4  366  262   58.089   54.738 (214)
185 Indiana PA                    10    1  323  182   57.951   49.208 (308)
186 CS Sacramento                  2    9  237  332   57.723   63.057 (119)
187 Carson Newman                 11    2  483  305   57.390   50.199 (282)
188 Grambling                      9    3  439  258   57.379   50.552 (272)
189 Northwestern LA                6    6  386  265   57.199   55.475 (200)
190 Linfield                      11    1  466  209   57.197   47.822 (335)
191 Hillsdale                      4    7  279  308   56.969   59.301 (147)
192 Wartburg                      11    1  424  121   56.845   44.716 (383)
193 Brown                          5    5  244  246   56.843   56.626 (189)
194 Samford                        7    4  350  276   56.802   55.007 (210)
195 Mesa St                       10    2  454  270   56.793   50.659 (269)
196 Texas St                       4    8  315  417   56.750   60.023 (140)
197 LA Monroe                      1   11  239  467   56.741   66.152 (109)
198 Tarleton St                    8    4  403  277   56.713   53.593 (225)
199 Dartmouth                      5    5  211  261   56.701   57.442 (178)
200 Citadel                        6    6  261  311   56.643   57.697 (171)
201 Tusculum                       9    2  384  175   56.616   49.479 (305)
202 Mercyhurst                     5    6  183  292   56.110   58.390 (160)
203 NC A&T                        10    3  294  236   56.096   51.205 (249)
204 MO Western                     9    3  312  207   56.000   50.353 (275)
205 Ouachita                       5    5  288  310   55.907   56.444 (190)
206 Shippensburg                   8    3  307  154   55.840   50.800 (259)
207 N Michigan                     3    8  263  409   55.810   60.125 (139)
208 W Carolina                     5    7  251  301   55.810   57.443 (177)
209 Bethune-Cookman                9    3  376  252   55.791   50.730 (264)
210 Indiana St                     3    9  170  356   55.758   61.042 (130)
211 WI LaCrosse                   10    2  396  238   55.705   49.757 (292)
212 C Oklahoma                     9    3  332  303   55.524   52.102 (238)
213 Lafayette                      5    6  315  249   55.501   55.110 (207)
214 C Missouri                     9    2  456  217   55.447   47.684 (337)
215 Tennessee St                   7    5  348  285   55.376   53.763 (224)
216 Bentley                       10    1  510  219   55.290   42.652 (439)
217 Emporia St                     9    3  327  217   55.253   50.317 (276)
218 Catawba                        9    2  286  199   55.214   49.578 (298)
219 SE Missouri St                 5    7  262  290   55.209   56.932 (187)
220 Gardner Webb                   8    4  335  254   55.195   50.642 (270)
221 Alabama A&M                    8    4  398  194   55.015   49.683 (294)
222 Sam Houston St                 2    9  239  406   55.008   60.543 (135)
223 Hofstra                        2   10  247  368   54.980   61.065 (128)
224 Columbia                       4    6  211  283   54.958   57.023 (184)
225 C Washington                   6    4  289  240   54.875   52.413 (234)
226 NW Missouri                    8    3  325  224   54.874   50.300 (279)
227 Richmond                       2    9  189  370   54.868   60.988 (131)
228 Midwest TX St                  7    3  277  190   54.784   51.428 (247)
229 Bucknell                       6    6  284  300   54.740   55.090 (208)
230 Wayne St MI                    3    8  261  354   54.725   58.926 (153)
231 S Carolina St                  8    4  364  229   54.701   50.474 (274)
232 Towson                         6    6  271  265   54.682   54.728 (216)
233 West Chester St                8    3  373  219   54.588   49.794 (291)
234 C Arkansas                     5    6  300  260   54.260   54.731 (215)
235 Bethel MN                      9    2  387  190   54.252   45.973 (359)
236 WI Stevens Pt                  8    2  394  186   54.238   47.478 (338)
237 South Dakota                   5    6  223  258   54.165   55.111 (206)
238 Concordia MN                   8    4  399  331   54.154   50.666 (268)
239 Princeton                      2    8  204  267   54.033   58.662 (155)
240 Williams                       6    2  169   94   54.014   49.513 (302)
241 E Tennessee St                 5    7  270  233   54.006   54.721 (217)
242 Ashland                        2    9  173  252   53.911   58.629 (156)
243 Hampton                        7    4  351  212   53.873   49.974 (288)
244 WI Whitewater                  7    3  302  238   53.799   49.559 (300)
245 E Stroudsburg                  8    3  394  250   53.764   49.105 (311)
246 Abilene Chr                    6    4  222  190   53.604   52.000 (240)
247 SE Oklahoma                    7    3  355  253   53.603   50.255 (280)
248 Alabama St                     8    5  434  327   53.551   50.747 (262)
249 Albany GA                     10    2  434  155   53.380   45.925 (360)
250 MN Duluth                      8    3  401  198   53.317   46.623 (350)
251 W Washington                   4    6  241  328   53.296   55.423 (202)
252 St Francis IN                 12    1  524  280   53.081   44.164 (395)
253 Arkansas Tech                  5    6  202  270   53.072   54.888 (212)
254 E Illinois                     4    8  210  268   52.972   56.141 (195)
255 Chadron St                     8    2  356  255   52.919   48.406 (322)
256 Northern St SD                 7    4  456  285   52.887   47.949 (329)
257 Florida A&M                    6    6  278  280   52.683   53.206 (231)
258 Alcorn St                      7    5  361  318   52.662   50.501 (273)
259 Bloomsburg                     7    4  329  247   52.582   49.570 (299)
260 Ark Monticello                 4    7  305  355   52.544   55.034 (209)
261 Murray St                      4    8  225  338   52.419   56.436 (191)
262 W Oregon                       4    6  212  261   52.397   54.267 (223)
263 Florida Intl                   2   10  270  341   52.393   57.668 (173)
264 CW Post                        9    2  366  163   52.340   43.949 (401)
265 Liberty                        6    6  306  378   52.289   53.152 (232)
266 Chattanooga                    3    9  195  421   52.281   57.411 (179)
267 Morgan St                      6    5  318  318   52.211   50.735 (263)
268 Mary ND                       10    2  373  115   52.101   41.794 (465)
269 VMI                            6    6  359  257   52.061   50.762 (261)
270 Amherst                        4    4  182   75   51.988   50.308 (278)
271 Harding                        4    6  198  265   51.908   54.442 (222)
272 Tufts                          5    3  134  108   51.890   50.003 (286)
273 NW Oklahoma St                11    2  526  223   51.877   43.007 (428)
274 Gannon                         9    1  347  180   51.867   42.830 (435)
275 San Diego                      8    2  399  215   51.834   45.575 (369)
276 Azusa Pacific                  8    2  236  125   51.742   45.688 (364)
277 Augustana SD                   3    8  225  301   51.717   55.739 (199)
278 Morehead St                    8    3  327  185   51.617   46.876 (344)
279 WI Stout                       6    4  308  241   51.614   49.825 (290)
280 Henderson St                   4    7  289  405   51.498   54.490 (220)
281 Dayton                         9    2  400  183   51.466   44.225 (393)
282 WI Eau Claire                  5    5  328  328   51.419   51.660 (242)
283 Wheaton IL                    12    1  469  314   51.308   44.009 (400)
284 Tennessee Tech                 2    9  245  340   51.296   57.681 (172)
285 Bemidji St                     7    4  342  271   50.948   48.626 (319)
286 Kutztown                       6    5  228  255   50.833   49.711 (293)
287 Mansfield                      8    3  302  238   50.787   46.726 (349)
288 E New Mexico                   6    5  251  204   50.753   49.496 (304)
289 Humboldt St                    3    7  198  268   50.625   53.400 (227)
290 Simpson IA                     9    2  382  179   50.475   43.870 (404)
291 Mars Hill                      7    4  256  221   50.320   48.027 (327)
292 Georgetown                     4    8  271  328   50.267   53.447 (226)
293 Middlebury                     4    4  148  156   50.266   51.061 (253)
294 Elon                           2   10  119  314   50.188   56.988 (185)
295 Willamette                     7    3  323  191   50.152   45.680 (365)
296 Menlo                          7    3  397  241   50.152   45.349 (373)
297 Dickinson St ND               11    1  361  165   50.147   40.591 (504)
298 S Oregon                       5    4  302  192   50.121   47.925 (330)
299 Concordia Mhd                  7    3  353  202   50.025   45.030 (379)
300 Baldwin-Wallace               10    2  469  203   49.988   42.033 (459)
301 Pac Lutheran                   6    3  258  169   49.983   46.083 (357)
302 NE Kearney                     5    5  361  280   49.952   49.009 (314)
303 Colby                          5    3  105  135   49.884   49.513 (303)
304 TX Southern                    5    6  213  331   49.840   50.682 (267)
305 Duquesne                       8    3  345  202   49.812   44.459 (389)
306 Holy Cross                     1   11  312  478   49.807   56.961 (186)
307 SE Louisiana                   5    7  369  382   49.625   50.577 (271)
308 W Georgia                      3    8  191  420   49.560   55.354 (203)
309 SW Oklahoma                    5    6  246  240   49.509   49.525 (301)
310 Albany NY                      7    4  299  185   49.501   46.311 (354)
311 Sioux Falls                   12    1  434  197   49.499   40.416 (510)
312 M Hardin-Baylor                9    1  419  120   49.453   37.343 (614)
313 Cornell                        1    9  130  304   49.430   57.812 (167)
314 NE Oklahoma                    3    7  296  358   49.313   52.278 (235)
315 Bridgewater VA                12    2  460  226   49.304   41.331 (476)
316 Monmouth NJ                   10    2  247  102   49.286   42.835 (434)
317 Springfield                   10    1  466  188   49.262   38.508 (569)
318 S Connecticut                  9    2  375  201   49.229   40.995 (487)
319 Miles                          7    3  297  195   49.222   45.475 (371)
320 Fort Hays St                   6    5  270  248   49.164   48.458 (320)
321 W Alabama                      2    9  252  390   49.105   54.767 (213)
322 Western St CO                  5    6  277  336   49.063   50.967 (258)
323 Slippery Rock                  4    7  202  231   49.010   51.143 (251)
324 MT Western                     7    4  349  247   49.008   46.750 (348)
325 Valparaiso                     8    4  406  333   48.895   45.666 (366)
326 Colorado Mines                 6    5  347  296   48.813   47.707 (336)
327 Tiffin                         6    5  312  285   48.802   47.155 (341)
328 RPI                           11    2  436  247   48.801   41.267 (478)
329 Fort Valley St                 7    4  280  194   48.700   45.897 (361)
330 Johns Hopkins                 10    1  315   77   48.683   39.469 (538)
331 St Norbert                    11    1  429  193   48.672   37.466 (608)
332 WV Wesleyan                    9    2  372  208   48.647   42.152 (454)
333 Truman St                      4    7  161  356   48.611   52.177 (237)
334 McKendree IL                   8    3  288  161   48.576   43.108 (425)
335 Ark Pine Bluff                 4    7  211  291   48.535   50.224 (281)
336 Howard                         4    7  208  265   48.497   51.166 (250)
337 Washburn                       5    6  284  308   48.497   48.924 (317)
338 Tenn Martin                    2   10  198  439   48.448   55.446 (201)
339 Angelo St                      3    8  200  341   48.277   52.582 (233)
340 W Texas A&M                    3    8  284  364   48.238   51.800 (241)
341 St Xavier IL                   7    4  359  209   48.200   43.478 (414)
342 Augustana IL                   7    3  272  180   48.154   44.149 (396)
343 Presbyterian                   4    6  267  190   48.109   48.108 (325)
344 WI River Falls                 2    7  223  305   48.101   52.024 (239)
345 Wesleyan CT                    4    4  125  230   48.086   50.003 (287)
346 East Central OK                3    8  149  304   47.947   52.274 (236)
347 Jackson St                     2   10  201  338   47.724   53.310 (228)
348 Ithaca                        10    3  358  191   47.693   41.333 (475)
349 St Ambrose                     8    4  404  244   47.620   42.427 (446)
350 Capital                        8    2  368  186   47.524   41.071 (485)
351 WI Oshkosh                     4    6  203  235   47.500   48.419 (321)
352 Adams St                       4    7  310  312   47.496   48.900 (318)
353 Georgetown KY                  9    3  473  250   47.321   42.151 (455)
354 W Salem St                     7    3  314  185   47.252   43.686 (409)
355 Wingate                        5    6  278  308   47.154   47.849 (332)
356 Clarion                        3    8  164  230   47.135   51.049 (255)
357 Fayetteville St                8    4  300  245   47.126   44.341 (391)
358 Kentucky St                    7    4  272  214   47.080   44.499 (387)
359 St Mary's                      1   11  162  471   46.939   58.156 (164)
360 California PA                  4    7  153  211   46.932   49.378 (307)
361 Lock Haven                     3    8  202  319   46.919   51.037 (256)
362 Drake                          6    6  342  307   46.906   45.514 (370)
363 MN Mankato                     0   11  151  356   46.875   57.341 (180)
364 WI Platteville                 3    7  212  311   46.864   50.195 (283)
365 Walsh                          8    3  371  221   46.749   41.822 (463)
366 E Oregon                       4    6  189  303   46.699   49.035 (313)
367 Newberry                       3    7  217  298   46.543   50.974 (257)
368 SUNY Brockport                 9    2  303  155   46.525   39.640 (531)
369 Millersville                   4    7  184  258   46.462   49.064 (312)
370 Northwestern IA               10    2  430  228   46.455   39.904 (525)
371 Merrimack                      6    3  233  182   46.445   43.142 (424)
372 Mid Am Nazarene               12    1  475  257   46.428   38.195 (575)
373 Hardin-Simmons                 8    2  360  176   46.302   37.804 (590)
374 SW Baptist                     3    8  268  302   46.205   49.407 (306)
375 Loras                          7    3  232  242   46.165   43.643 (410)
376 Whitworth                      4    6  191  204   46.108   47.288 (340)
377 Coastal Car                    6    5  309  253   45.914   44.960 (380)
378 Lycoming                       9    2  308  170   45.882   39.272 (546)
379 Lambuth                        9    3  295  207   45.823   41.613 (471)
380 Buena Vista                    6    4  273  259   45.778   44.077 (398)
381 Tuskegee                       5    6  210  277   45.773   46.584 (351)
382 Waynesburg                     9    2  396  160   45.731   37.768 (594)
383 Luther                         6    4  217  167   45.725   43.763 (407)
384 Jacksonville                   5    6  268  307   45.701   46.163 (355)
385 St John Fisher                 8    3  386  194   45.681   39.494 (537)
386 E Texas Bap                    9    3  386  208   45.605   39.201 (550)
387 Montclair St                   9    2  246  205   45.575   40.545 (505)
388 Lenoir Rhyne                   3    8  176  315   45.572   49.604 (297)
389 C Newport                      8    3  232  134   45.567   40.982 (488)
390 Hamilton                       2    6  159  255   45.552   50.308 (277)
391 Campbellsville                 9    2  318  222   45.543   40.238 (514)
392 TX A&M Commerce                1   10  128  270   45.515   53.308 (229)
393 Virginia Union                 6    5  241  183   45.412   44.215 (394)
394 Geneva                         7    4  319  222   45.403   42.505 (443)
395 Stillman                       5    5  178  259   45.357   46.866 (345)
396 Trinity IL                     8    3  296  201   45.287   40.720 (499)
397 Central Iowa                   5    5  221  178   45.227   44.523 (385)
398 Millikin                       7    3  372  231   45.213   40.601 (503)
399 John Carroll                   7    3  250  156   45.094   40.930 (491)
400 Cumberland KY                  8    2  303  211   44.998   40.227 (516)
401 Hampden-Sydney                 9    1  472  225   44.972   36.892 (624)
402 Ft Lewis                       3    8  220  405   44.948   49.606 (296)
403 Bowie St                       6    4  146  112   44.923   42.877 (433)
404 Concordia WI                   9    2  430  145   44.914   35.016 (652)
405 Bates                          2    6   98  169   44.867   49.116 (309)
406 Muhlenberg                     7    3  245  137   44.815   41.087 (484)
407 Shaw NC                        7    3  277  170   44.781   40.975 (489)
408 Stony Brook                    6    4  284  237   44.733   42.581 (441)
409 Minot St                       7    3  291  222   44.722   40.866 (493)
410 Benedict                       6    5  167  243   44.719   45.139 (376)
411 American Intl                  5    4  216  162   44.703   43.336 (420)
412 Hope                           7    4  363  285   44.664   41.913 (461)
413 Moorhead St                    3    8  291  387   44.595   48.159 (324)
414 Rowan                          7    3  250  157   44.545   39.987 (522)
415 Redlands                       6    4  196  234   44.510   44.429 (390)
416 Olivet Naz                     6    4  208  196   44.510   42.323 (449)
417 Wash & Jeff                    9    2  329  179   44.374   37.574 (606)
418 Robert Morris                  6    4  246  219   44.282   42.955 (430)
419 G. Adolphus                    4    6  213  228   44.239   45.886 (362)
420 W New Mexico                   3    7  185  309   44.199   47.823 (334)
421 Benedictine KS                 9    3  278  170   44.140   39.336 (543)
422 Occidental                     7    2  304  161   44.018   38.859 (559)
423 Trinity TX                     8    3  392  180   43.797   38.050 (581)
424 Hobart Smith                   6    4  236  156   43.689   41.580 (472)
425 Coe                            5    5  292  244   43.537   42.203 (452)
426 N Central IL                   7    3  255  198   43.509   39.436 (539)
427 Elmhurst                       6    4  319  202   43.402   39.246 (547)
428 Ottawa KS                      9    2  427  167   43.371   35.228 (648)
429 IL Wesleyan                    5    5  233  228   43.329   43.311 (421)
430 Augsburg                       5    5  169  282   43.320   45.155 (375)
431 Cal Lutheran                   5    4  272  230   43.315   42.537 (442)
432 Shenandoah                     8    2  252  166   43.198   37.796 (591)
433 McDaniel Col                   5    5  198  157   43.108   41.859 (462)
434 Virginia St                    5    5  240  225   43.088   43.007 (429)
435 Delaware St                    1   10  182  348   43.029   51.596 (244)
436 Morehouse                      4    7  262  308   42.972   45.187 (374)
437 Wilkes                         8    3  382  187   42.946   37.705 (599)
438 Wayne St NB                    3    8  221  415   42.925   48.928 (315)
439 Wittenberg                     8    2  432  174   42.875   35.435 (642)
440 Austin Peay                    4    7  194  276   42.753   44.894 (382)
441 Quincy                         5    6  332  330   42.611   44.514 (386)
442 St Thomas MN                   3    7  190  221   42.608   46.326 (353)
443 Davidson                       3    8  246  364   42.503   46.894 (343)
444 Lincoln MO                     4    7  152  322   42.480   47.403 (339)
445 Delaware Val                   9    2  408  315   42.420   36.903 (623)
446 Adrian                         8    2  319  240   42.383   37.904 (586)
447 Allegheny                      7    4  264  190   42.341   38.297 (574)
448 St Augustines                  5    5  251  248   42.340   42.284 (451)
449 Ferrum                         6    2  211  137   42.321   37.710 (598)
450 Wagner                         6    5  231  203   42.300   41.248 (479)
451 Claremont M.S.                 6    3  233  177   42.070   39.308 (544)
452 Washington MO                  6    4  234  181   42.069   40.100 (519)
453 MS Valley St                   2    9  181  331   42.035   49.614 (295)
454 Sacred Heart                   6    5  286  280   41.899   41.304 (477)
455 MT Tech                        3    8  210  274   41.865   47.980 (328)
456 SW Minnesota                   3    8  269  385   41.861   46.788 (347)
457 New Haven                      1    9  187  355   41.848   51.479 (246)
458 College of NJ                  6    4  263  193   41.833   37.687 (602)
459 Iona                           6    5  267  275   41.810   41.230 (480)
460 Rhodes                         7    3  313  209   41.790   37.771 (593)
461 Alma                           6    4  292  228   41.704   39.531 (535)
462 Gettysburg                     5    5  218  189   41.611   41.043 (486)
463 Pomona Pitzer                  5    4  249  239   41.565   40.500 (508)
464 Lakeland                       8    2  401  167   41.463   33.020 (677)
465 Wabash                         7    3  377  125   41.453   35.179 (649)
466 Texas Col                      6    1  210   97   41.389   34.608 (656)
467 Rochester                      5    5  228  233   41.357   41.374 (474)
468 Albion                         6    4  210  186   41.297   39.624 (532)
469 S Nazarene                     6    4  269  214   41.290   38.728 (562)
470 Bowdoin                        0    8   75  191   41.249   51.061 (254)
471 Wooster                        7    3  405  192   41.243   35.775 (636)
472 MN Crookston                   2    9  199  450   41.167   49.879 (289)
473 WI Lutheran                    5    5  256  215   41.142   40.519 (507)
474 SUNY Cortland                  5    5  251  228   41.100   39.609 (533)
475 Howard Payne                   6    4  334  229   41.097   38.734 (561)
476 St Olaf                        4    6  241  276   41.049   43.425 (417)
477 Hanover                        8    3  418  315   41.028   37.165 (618)
478 Cornell IA                     4    6  324  420   40.990   43.637 (411)
479 Hastings                       6    4  266  259   40.977   39.146 (552)
480 Kalamazoo                      6    4  248  185   40.958   38.428 (571)
481 NC Central                     4    6  192  260   40.946   43.433 (415)
482 NE Wesleyan                    6    4  258  217   40.875   39.156 (551)
483 Glenville St                   5    6  288  307   40.855   42.190 (453)
484 Curry                         11    1  391  174   40.837   31.091 (686)
485 Norfolk St                     1   11  192  479   40.817   50.088 (284)
486 Centre                         8    2  281  233   40.769   35.808 (635)
487 Livingstone                    3    7  204  273   40.700   43.719 (408)
488 Shepherd                       4    6  227  216   40.698   42.922 (432)
489 Westminster PA                 5    5  247  260   40.650   40.472 (509)
490 M Marines                      6    4  202  186   40.610   37.983 (585)
491 Ohio Northern                  4    6  218  269   40.572   43.060 (426)
492 Panhandle St                   6    5  272  321   40.526   40.864 (494)
493 Pikeville                      4    6  251  198   40.475   40.943 (490)
494 Bryant                         3    7  209  257   40.437   44.615 (384)
495 Midland Luth                   6    4  235  227   40.413   39.202 (549)
496 Muskingum                      5    5  213  259   40.394   41.771 (466)
497 Black Hills St                 5    4  202  190   40.323   40.234 (515)
498 Monmouth IL                    8    2  324  214   40.291   34.984 (653)
499 Union NY                       5    5  196  220   40.241   40.858 (495)
500 Rocky Mtn                      2    8  208  369   40.236   47.826 (333)
501 N Greenville                   5    5  312  321   40.125   39.368 (542)
502 King's PA                      7    4  302  265   40.116   37.752 (595)
503 Salisbury St                   7    2  285  116   40.062   33.222 (673)
504 Albright                       7    3  332  303   39.988   36.963 (621)
505 Edward Waters                  5    4  199  164   39.969   39.572 (534)
506 DePauw                         5    5  292  235   39.960   39.207 (548)
507 Frank & Marsh                  4    6  192  243   39.933   41.674 (469)
508 Central Conn                   3    8  231  359   39.900   45.631 (367)
509 MO Southern                    1   10  161  368   39.883   50.021 (285)
510 W Connecticut                  6    4  347  159   39.856   35.543 (640)
511 Tabor                          9    2  304  229   39.795   34.693 (655)
512 Dickinson                      4    6  158  233   39.765   41.801 (464)
513 Butler                         2    9  119  418   39.721   47.862 (331)
514 Peru St                        7    4  268  259   39.679   38.129 (577)
515 Lane                           2    9  142  317   39.601   45.631 (368)
516 Missouri-Rolla                 0   11  224  500   39.583   50.783 (260)
517 Norwich                        6    5  288  273   39.566   38.018 (583)
518 Concordia Neb                  5    5  216  230   39.468   39.297 (545)
519 Marist                         4    6  187  324   39.287   42.638 (440)
520 Alfred                         5    5  180  169   39.141   38.721 (564)
521 Wm Penn                        2    8  190  262   39.128   44.120 (397)
522 Chapman                        3    7  189  332   39.127   43.861 (405)
523 Buffalo St                     2    8  153  279   39.060   44.276 (392)
524 Rose Hulman                    5    5  220  245   39.054   38.999 (555)
525 Carnegie Mellon                6    4  328  254   39.020   36.879 (625)
526 Union KY                       4    7  235  298   38.954   42.929 (431)
527 NM Highlands                   0   11  184  547   38.782   50.714 (265)
528 Widener                        5    5  316  253   38.773   37.852 (589)
529 Cumberland TN                  3    7  204  291   38.751   43.431 (416)
530 Doane                          4    6  250  241   38.716   39.372 (541)
531 Evangel                        6    4  263  236   38.571   37.210 (617)
532 Anderson IN                    7    3  333  325   38.525   35.491 (641)
533 Valley City St                 5    5  257  259   38.411   39.112 (553)
534 Thomas More                    6    4  306  260   38.401   36.354 (631)
535 Bacone                         5    7  301  387   38.329   41.517 (473)
536 Charleston So                  1   11  148  513   38.247   51.611 (243)
537 Fairmont St                    4    6  197  276   38.241   40.616 (502)
538 Belhaven MS                    4    7  359  403   38.197   40.007 (521)
539 Dakota Wesleyan                5    6  236  266   38.160   39.048 (554)
540 Frostburg St                   4    5  193  225   38.156   38.832 (560)
541 Jamestown                      4    6  166  265   37.869   40.788 (498)
542 Olivet MI                      4    6  334  293   37.831   38.159 (576)
543 Carthage                       3    7  232  257   37.754   40.068 (520)
544 Malone                         2    8  182  331   37.746   43.555 (413)
545 St Anselm's                    3    7  149  294   37.593   42.732 (437)
546 Eliz. City St                  2    8   95  242   37.559   43.400 (418)
547 Grove City                     5    5  246  252   37.521   36.957 (622)
548 Wesley DE                      6    4  373  193   37.450   32.600 (679)
549 Worcester Tech                 4    6  303  274   37.383   37.795 (592)
550 Emory & Henry                  5    5  238  265   37.350   38.098 (578)
551 Mt St Joseph                   6    4  198  150   37.321   35.022 (651)
552 Pace                           2    8  145  312   37.312   43.922 (403)
553 Graceland                      5    5  233  231   37.308   37.337 (615)
554 Cheyney St                     2    9  160  435   37.272   46.414 (352)
555 Morningside                    3    7  210  249   37.203   39.523 (536)
556 Coast Guard                    4    5  188  232   37.143   37.656 (604)
557 MT St Northern                 1    9  112  450   37.113   48.093 (326)
558 W Virginia St                  3    8  253  340   37.046   40.925 (492)
559 Lewis & Clark                  3    6  181  356   37.032   42.463 (445)
560 Virginia Wise                  3    8  238  437   36.989   42.119 (456)
561 WV Tech                        3    8  222  368   36.984   43.858 (406)
562 Missouri Valley                5    5  263  268   36.977   37.370 (613)
563 Susquehanna                    4    6  253  333   36.921   38.603 (565)
564 Clark Atlanta                  0   11  179  397   36.847   46.826 (346)
565 Huron                          4    6  173  271   36.802   40.119 (518)
566 Savannah St                    0   12  109  491   36.734   51.335 (248)
567 St Peter's                     2    8  144  304   36.677   43.399 (419)
568 Carleton CA                    3    7  183  308   36.676   42.795 (436)
569 Bethel TN                      2    9  279  465   36.674   43.143 (423)
570 Averett                        5    4  196  169   36.649   35.116 (650)
571 Avila                          5    5  206  224   36.585   37.409 (611)
572 Case Reserve                   5    5  253  293   36.580   36.863 (626)
573 Puget Sound                    0    9  157  345   36.540   47.046 (342)
574 La Salle                       3    8  233  353   36.460   40.675 (501)
575 Aurora                         5    5  273  236   36.441   35.746 (638)
576 Culver-Stockton                4    6  256  257   36.420   37.426 (610)
577 Ursinus                        3    7  183  241   36.408   39.749 (529)
578 St Francis PA                  1    9  168  367   36.379   44.912 (381)
579 IL Urbana                      3    8  238  351   36.307   41.163 (482)
580 W Liberty                      3    7  238  365   36.256   39.966 (523)
581 Otterbein                      3    7  169  270   36.205   42.008 (460)
582 St Josephs IN                  2    9  185  414   36.196   46.155 (356)
583 Concord Col                    3    8  176  300   36.181   41.121 (483)
584 Upper Iowa                     1    9  188  402   36.078   45.373 (372)
585 Assumption                     4    7  151  322   36.029   40.298 (513)
586 Taylor IN                      2    8  150  347   35.881   42.666 (438)
587 Lake Forest                    7    3  215  152   35.810   33.216 (674)
588 Baker KS                       4    6  203  222   35.769   37.491 (607)
589 S Dakota Tech                  3    7  187  299   35.561   40.367 (511)
590 Methodist                      4    5  226  230   35.455   35.681 (639)
591 Chicago                        2    7  164  268   35.350   39.769 (528)
592 Stonehill                      1   10  159  390   35.347   45.696 (363)
593 MA Dartmouth                   9    2  283  105   35.342   28.286 (695)
594 La Verne                       1    8  142  296   35.303   43.614 (412)
595 Dakota St                      2    8  207  309   35.248   40.534 (506)
596 Dana                           2    9  196  287   35.080   39.731 (530)
597 Colorado Col                   2    7  237  339   35.050   39.389 (540)
598 Langston                       2    9  166  313   35.017   42.111 (457)
599 Moravian                       3    7  177  209   34.948   38.077 (579)
600 McPherson                      6    4  307  268   34.890   33.527 (671)
601 Thiel                          3    7  174  193   34.685   37.677 (603)
602 Defiance                       4    6  213  285   34.631   36.562 (629)
603 Randolph Macon                 4    6  133  269   34.511   38.045 (582)
604 Webber                         2    7  178  324   34.462   41.641 (470)
605 Catholic                       3    7  194  338   34.450   38.924 (558)
606 Southwestern KS                5    5  309  285   34.396   34.413 (659)
607 Allen                          3    5  140  242   34.389   38.441 (570)
608 Whittier                       1    8  186  375   34.348   41.679 (468)
609 Ripon                          6    4  231  202   34.279   33.368 (672)
610 Juniata                        3    7  200  317   34.182   38.013 (584)
611 JC Smith                       1    9  112  377   34.170   44.040 (399)
612 Marietta                       2    8  178  328   34.080   41.711 (467)
613 McMurry                        4    6  221  320   34.067   37.372 (612)
614 Louisiana Col                  4    6  180  327   34.051   37.688 (601)
615 Wilmington OH                  2    8  137  350   33.848   42.318 (450)
616 Bethany KS                     5    5  248  301   33.720   34.567 (657)
617 Ohio Wesleyan                  4    6  134  231   33.717   36.178 (633)
618 William Jewell                 3    7  167  259   33.701   37.698 (600)
619 Sewanee                        3    7  190  244   33.675   37.094 (620)
620 St Lawrence                    2    8  140  289   33.622   39.945 (524)
621 Prairie View                   1   10  109  543   33.568   48.924 (316)
622 Charleston WV                  2    9  246  407   33.546   40.853 (496)
623 Oberlin                        5    5  162  165   33.518   33.622 (669)
624 Wash & Lee                     3    7  153  287   33.514   38.973 (557)
625 Guilford                       2    8  195  303   33.460   40.182 (517)
626 Hartwick                       2    7  182  271   33.365   38.722 (563)
627 Worcester St                   8    3  344  191   33.208   27.896 (696)
628 Westfield St                   7    3  239  205   33.105   29.036 (692)
629 KS Wesleyan                    4    6  205  241   32.966   35.253 (646)
630 Franklin IN                    2    8  219  297   32.946   37.738 (597)
631 Lindenwood                     3    8  202  291   32.863   36.770 (627)
632 Austin Col                     3    7  134  306   32.837   38.369 (572)
633 Greensboro                     3    7  127  209   32.552   36.322 (632)
634 Iowa Wesleyan                  1    9  146  443   32.368   42.353 (448)
635 Hamline                        2    8  130  366   32.203   42.402 (447)
636 Bethel KS                      4    5  202  275   32.189   33.979 (661)
637 Haskell                        3    6  165  170   32.167   33.203 (676)
638 Kean                           1    9   79  251   32.051   40.829 (497)
639 St Francis IL                  1    9  100  325   32.042   42.494 (444)
640 Heidelberg                     1    9  103  389   31.957   43.013 (427)
641 Cent Methodist                 2    8   90  224   31.913   37.876 (587)
642 Nichols                        6    4  271  216   31.906   29.875 (688)
643 Tri-State IN                   0   10  138  427   31.905   43.948 (402)
644 Friends                        3    6  255  305   31.842   34.017 (660)
645 Knox                           4    6  219  228   31.784   33.545 (670)
646 KY Wesleyan                    1    9  132  430   31.685   42.075 (458)
647 Mississippi Col                3    7  128  265   31.580   37.165 (619)
648 SW Assemb God                  2    8  221  435   31.546   38.538 (567)
649 Dubuque                        0   10  151  412   31.486   44.490 (388)
650 Illinois Col                   4    6  189  227   31.365   33.214 (675)
651 Maryville TN                   2    8  145  369   31.282   38.340 (573)
652 Mayville St                    1    9  171  271   31.247   39.828 (527)
653 Carroll WI                     3    7  189  330   31.238   35.764 (637)
654 Bridgewater MA                 6    3  341  274   31.065   27.497 (699)
655 TX Lutheran                    2    8  171  336   30.732   38.580 (566)
656 Beloit                         4    6  210  269   30.729   33.723 (666)
657 N Park                         2    8  129  355   30.643   39.890 (526)
658 Rockford                       7    3  395  190   30.639   24.886 (704)
659 Millsaps                       1    9  167  315   30.493   37.745 (596)
660 Lebanon Val                    1    9  199  431   30.361   37.869 (588)
661 Fitchburg St                   5    4  295  154   30.300   27.642 (698)
662 MacMurray                      5    5  163  204   30.250   31.504 (684)
663 Siena                          0   11  109  345   30.185   43.150 (422)
664 Grinnell                       3    7  241  284   30.066   33.789 (665)
665 Lawrence                       3    7  209  295   29.733   33.823 (664)
666 Chowan                         2    7  106  320   29.546   36.543 (630)
667 Denison                        3    7  157  368   29.526   35.245 (647)
668 Westminster MO                 7    2  283  126   29.262   21.985 (708)
669 St Mary's KS                   2    8  176  339   29.198   36.169 (634)
670 Manchester                     2    8  139  307   29.192   34.851 (654)
671 Paul Quinn                     0    5   91  205   28.786   38.534 (568)
672 Endicott                       4    5  170  212   28.362   29.242 (690)
673 Mt Ida                         4    6  154  287   28.217   31.835 (683)
674 Wm Paterson                    1    9  112  268   28.147   37.656 (605)
675 Greenville                     3    7  223  324   27.614   32.519 (681)
676 Bluffton                       2    8  193  301   27.172   32.576 (680)
677 Earlham                        2    8  185  334   27.105   33.938 (662)
678 MN Morris                      5    6  375  378   27.098   27.330 (700)
679 M Luther MN                    7    2  268  145   27.031   20.902 (709)
680 Sul Ross                       0   10  128  361   27.008   38.992 (556)
681 FDU Florham                    1    9   92  240   26.785   36.599 (628)
682 Northwestern MN                6    4  267  182   26.655   22.944 (705)
683 Benedictine IL                 2    8  155  382   26.557   35.261 (645)
684 Bethany WV                     1    9  113  357   25.974   37.436 (609)
685 Salve Regina                   2    8  136  353   25.817   33.838 (663)
686 Sterling                       0   10  191  387   25.629   35.366 (643)
687 Briar Cliff                    0   10   42  370   25.592   40.685 (500)
688 Huntingdon                     0    7   99  343   25.312   37.233 (616)
689 Utica                          1    9   83  325   24.983   38.051 (580)
690 Hiram                          1    9  138  422   24.755   34.512 (658)
691 Kenyon                         2    8  147  329   24.585   31.500 (685)
692 W New England                  2    7  119  182   24.407   29.206 (691)
693 MIT                            3    6  129  225   24.141   28.357 (694)
694 Concordia IL                   2    8  152  375   24.001   32.437 (682)
695 Macalester                     1    8  127  369   23.991   32.928 (678)
696 Waldorf                        0   10  103  450   23.809   40.320 (512)
697 Apprentice                     1    8   64  238   23.445   33.679 (668)
698 Eureka                         1    9  121  390   23.262   33.720 (667)
699 ME Maritime                    1    8  252  376   22.464   29.330 (689)
700 MA Maritime                    2    7  131  311   22.287   28.868 (693)
701 Crown MN                       4    7  241  307   21.234   25.590 (702)
702 Plymouth St                    0   10   34  420   20.901   41.183 (481)
703 S Virginia                     0    8   85  328   20.483   35.362 (644)
704 Principia                      3    6  221  311   19.536   22.199 (707)
705 Blackburn                      2    8  151  270   19.532   25.505 (703)
706 Maranatha Bap                  2    7  149  216   17.842   22.633 (706)
707 Husson                         0    6   46  223   16.370   30.106 (687)
708 Framingham St                  0    9   34  308   13.047   27.704 (697)
709 Trinity Bib                    0    9   12  582    3.152   25.718 (701)
