Rnk Team                         WON LOST   PF   PA     RATE      SOS
--- ----                         --- ----  ---  ---  -------  -------
  1 Alabama                        9    1  370  111   85.262   75.583 (  8)
  2 Kansas St                     10    0  422  177   84.824   73.802 ( 31)
  3 Florida                        9    1  261  129   84.536   76.829 (  2)
  4 Notre Dame                    10    0  261  111   84.381   74.004 ( 26)
  5 Oregon                        10    0  548  223   84.065   72.069 ( 45)
  6 LSU                            8    2  302  155   82.879   75.267 ( 12)
  7 Texas A&M                      8    2  431  213   82.462   74.640 ( 17)
  8 Georgia                        9    1  369  188   82.399   74.058 ( 24)
  9 South Carolina                 8    2  326  185   81.948   75.467 ( 10)
 10 Oklahoma                       7    2  358  176   81.835   73.720 ( 32)
 11 Stanford                       8    2  291  172   80.795   75.005 ( 14)
 12 Oregon St                      7    2  233  172   80.190   75.873 (  6)
 13 Ohio State                    10    0  399  239   80.034   71.582 ( 51)
 14 Nebraska                       8    2  374  250   79.296   72.577 ( 36)
 15 Texas                          8    2  396  291   79.222   73.826 ( 29)
 16 Southern Cal                   7    3  369  235   79.121   73.915 ( 27)
 17 Oklahoma St                    6    3  395  240   78.771   72.529 ( 37)
 18 Arizona                        6    4  379  346   78.393   75.155 ( 13)
 19 Texas Tech                     7    3  387  271   78.203   73.110 ( 34)
 20 Washington                     6    4  220  252   78.198   76.437 (  4)
 21 Michigan                       7    3  297  182   77.956   73.819 ( 30)
 22 UCLA                           8    2  377  247   77.949   72.423 ( 39)
 23 Florida St                     9    1  431  130   77.850   67.376 (115)
 24 Clemson                        9    1  429  224   77.365   69.501 ( 75)
 25 Mississippi St                 7    3  294  214   76.907   72.178 ( 44)
 26 Vanderbilt                     6    4  256  180   76.555   72.501 ( 38)
 27 Missouri                       5    5  253  251   76.488   76.494 (  3)
 28 Wisconsin                      7    3  295  172   76.256   72.228 ( 41)
 29 Northwestern                   7    3  305  239   76.053   72.035 ( 47)
 30 Iowa St                        5    5  227  226   75.991   75.513 (  9)
 31 TCU                            6    4  315  240   75.755   71.766 ( 50)
 32 Rutgers                        8    1  236  121   75.539   67.272 (116)
 33 Arizona St                     5    5  350  247   75.515   74.094 ( 22)
 34 Utah St                        8    2  320  135   75.483   68.639 ( 97)
 35 Michigan St                    5    5  197  163   75.212   74.511 ( 19)
 36 Mississippi                    5    5  295  277   75.167   74.596 ( 18)
 37 West Virginia                  5    4  360  373   74.959   74.141 ( 20)
 38 Brigham Young                  6    4  286  142   74.851   70.738 ( 60)
 39 San José St                    8    2  351  200   74.743   68.032 (108)
 40 Penn State                     6    4  280  186   74.628   72.203 ( 42)
 41 Boise St                       8    2  296  144   74.553   68.169 (106)
 42 Louisville                     9    1  332  246   74.231   68.336 (105)
 43 Tennessee                      4    6  379  370   74.167   74.076 ( 23)
 44 Northern Illinois              9    1  406  179   74.111   66.466 (123)
 45 Cincinnati                     7    2  308  169   73.987   67.482 (113)
 46 Baylor                         4    5  384  355   73.595   73.909 ( 28)
 47 Louisiana Tech                 9    1  534  362   73.586   67.147 (118)
 48 Fresno St                      8    3  435  252   73.479   68.560 ( 99)
 49 Central Florida                8    2  361  212   73.409   67.770 (111)
 50 Kent St                        9    1  354  252   73.332   66.972 (121)
 51 Utah                           4    6  254  232   73.294   74.133 ( 21)
 52 San Diego St                   8    3  379  266   73.226   68.927 ( 90)
 53 Arkansas                       4    6  255  300   73.222   74.949 ( 15)
 54 Toledo                         8    2  336  274   72.888   68.645 ( 96)
 55 Tulsa                          8    2  372  231   72.885   67.041 (120)
 56 Arkansas St                    7    3  351  271   72.592   68.573 ( 98)
 57 Ball St                        7    3  337  327   72.423   70.026 ( 67)
 58 Syracuse                       5    5  283  261   72.299   72.044 ( 46)
 59 Minnesota                      6    4  232  223   72.073   70.840 ( 59)
 60 Miami FL                       5    5  285  312   72.007   72.859 ( 35)
 61 North Carolina                 6    4  405  257   71.847   68.789 ( 92)
 62 North Dakota St                9    1  353  110   71.772   62.647 (148)
 63 Duke                           6    4  307  326   71.569   70.178 ( 63)
 64 Louisiana-Lafayette            5    4  300  253   71.501   69.925 ( 68)
 65 California                     3    8  262  335   71.496   75.451 ( 11)
 66 Purdue                         4    6  283  296   71.365   73.291 ( 33)
 67 Louisiana-Monroe               6    4  361  301   71.347   69.493 ( 76)
 68 Iowa                           4    6  208  220   71.273   72.324 ( 40)
 69 Indiana                        4    6  312  322   71.137   71.823 ( 49)
 70 North Carolina St              6    4  266  223   71.106   69.367 ( 84)
 71 Navy                           6    4  259  249   71.048   69.389 ( 83)
 72 Georgia Tech                   5    5  382  302   70.741   68.781 ( 93)
 73 Virginia Tech                  4    6  266  250   70.681   70.886 ( 57)
 74 Bowling Green                  7    3  233  151   70.586   65.747 (126)
 75 Auburn                         2    8  173  284   70.520   75.871 (  7)
 76 Western Kentucky               6    4  293  252   70.386   68.463 (103)
 77 Middle Tennessee St            6    3  275  258   70.306   68.546 (101)
 78 East Carolina                  6    4  282  286   69.509   68.715 ( 95)
 79 Troy                           5    5  312  301   69.423   69.150 ( 86)
 80 Virginia                       4    6  246  293   69.403   70.960 ( 55)
 81 Ohio U.                        8    2  334  228   69.402   64.136 (133)
 82 Kentucky                       1    9  164  332   69.301   77.000 (  1)
 83 South Florida                  3    6  225  235   69.177   71.041 ( 52)
 84 SMU                            5    5  305  261   69.098   68.878 ( 91)
 85 Pittsburgh                     4    6  275  227   68.987   69.492 ( 77)
 86 Nevada                         6    4  392  339   68.948   67.128 (119)
 87 Kansas                         1    9  186  323   68.774   76.126 (  5)
 88 Montana St                     9    1  387  223   68.643   62.071 (157)
 89 Wake Forest                    5    5  201  289   68.635   69.527 ( 74)
 90 Indiana St                     7    3  248  130   68.611   62.774 (146)
 91 South Dakota St                7    3  212  167   68.420   65.335 (127)
 92 Eastern Washington             8    2  309  223   68.359   64.065 (134)
 93 Sam Houston St                 8    2  462  162   68.200   58.798 (180)
 94 Illinois St                    8    2  300  213   68.076   63.343 (142)
 95 North Texas                    4    6  211  267   67.671   69.444 ( 81)
 96 Washington St                  2    8  207  330   67.609   74.057 ( 25)
 97 Houston                        4    6  308  371   67.563   69.420 ( 82)
 98 Central Arkansas               8    2  354  216   67.536   60.659 (171)
 99 Temple                         3    6  189  273   67.425   70.577 ( 61)
100 Maryland                       4    6  189  240   67.355   68.964 ( 89)
101 Western Michigan               4    7  329  327   67.331   68.986 ( 87)
102 Northern Arizona               8    2  314  218   67.251   60.756 (169)
103 Air Force                      5    5  306  289   67.232   67.155 (117)
104 Eastern Illinois               7    3  398  328   67.100   63.732 (138)
105 Connecticut                    4    6  173  184   67.067   68.551 (100)
106 Miami OH                       4    6  240  358   66.935   69.561 ( 73)
107 Central Michigan               4    6  279  363   66.822   68.773 ( 94)
108 Southern Illinois              5    5  212  214   66.797   66.634 (122)
109 Illinois                       2    8  169  315   66.735   72.191 ( 43)
110 Cal Poly SLO                   8    2  382  232   66.643   61.530 (163)
111 Rice                           4    6  312  338   66.527   68.166 (107)
112 Eastern Kentucky               8    3  344  239   66.477   62.066 (159)
113 Marshall                       4    6  388  411   66.436   67.507 (112)
114 Texas St-San Marcos            3    6  236  315   66.422   69.649 ( 72)
115 Tennessee-Martin               7    3  334  297   66.416   63.603 (139)
116 Florida Atlantic               3    7  201  301   66.191   70.879 ( 58)
117 Youngstown St                  6    4  291  255   66.125   63.074 (145)
118 Georgia Southern               8    2  376  189   66.055   60.236 (175)
119 Boston College                 2    8  205  299   65.984   71.863 ( 48)
120 Wyoming                        3    7  266  336   65.960   69.483 ( 78)
121 Northern Iowa                  4    6  295  222   65.845   65.075 (131)
122 Buffalo                        3    7  219  302   65.710   69.475 ( 79)
123 Alabama-Birmingham             3    7  306  355   65.611   69.453 ( 80)
124 Appalachian St                 8    3  358  314   65.455   62.583 (150)
125 Colorado St                    3    7  216  301   65.447   69.222 ( 85)
126 Ashland                       11    0  462  150   65.374   53.698 (259)
127 Texas-San Antonio              6    4  302  287   65.307   61.879 (160)
128 Florida Int'l                  2    8  249  333   65.234   69.683 ( 71)
129 UNLV                           2    9  253  348   65.226   70.038 ( 66)
130 Old Dominion                   9    1  451  284   65.207   57.019 (195)
131 Wofford                        8    2  338  171   65.170   58.241 (185)
132 Jacksonville St                6    4  322  334   65.057   63.835 (136)
133 New Mexico                     4    7  291  338   65.005   67.437 (114)
134 UTEP                           2    8  196  291   64.944   70.997 ( 53)
135 North Dakota                   5    5  342  352   64.929   63.527 (140)
136 Army                           2    8  246  344   64.696   69.809 ( 69)
137 Southern Utah                  5    6  313  333   64.435   65.330 (128)
138 Tennessee St                   8    2  291  216   64.384   59.514 (178)
139 Colorado                       1    9  176  472   64.349   74.670 ( 16)
140 Sacramento St                  6    4  270  276   64.330   63.169 (144)
141 Memphis                        2    8  205  330   64.273   68.970 ( 88)
142 Richmond                       7    3  344  223   64.222   58.720 (182)
143 Villanova                      7    3  302  221   64.220   59.702 (177)
144 Stony Brook                    9    2  430  176   64.204   55.131 (227)
145 McNeese St                     6    4  322  233   64.164   61.445 (164)
146 Missouri St                    3    7  179  241   64.051   68.454 (104)
147 Samford                        7    3  269  193   63.948   60.438 (172)
148 New Hampshire                  8    2  367  276   63.908   58.055 (186)
149 Murray St                      4    6  389  420   63.893   65.273 (130)
150 Tulane                         2    8  217  393   63.836   69.689 ( 70)
151 Towson                         6    4  287  248   63.754   62.611 (149)
152 Chattanooga                    5    5  257  207   63.587   62.359 (155)
153 Eastern Michigan               1    9  220  379   63.402   70.480 ( 62)
154 Henderson St                  10    0  533  188   63.363   50.035 (340)
155 James Madison                  7    3  289  193   63.111   58.630 (183)
156 Montana                        5    5  341  278   62.906   62.159 (156)
157 South Alabama                  2    8  191  288   62.780   67.858 (110)
158 The Citadel                    6    4  286  284   62.559   61.214 (166)
159 Indiana PA                    10    1  410  123   62.528   51.262 (308)
160 Missouri Western              10    1  470  218   62.517   53.876 (255)
161 NW Missouri St                 9    2  475  142   62.354   55.087 (229)
162 Stephen F. Austin              4    6  341  351   61.892   62.371 (154)
163 SE Louisiana St                4    6  172  366   61.847   65.295 (129)
164 Coastal Carolina               6    4  346  272   61.841   59.345 (179)
165 Bethune-Cookman                8    2  318  179   61.770   55.776 (216)
166 Shippensburg                  10    1  537  267   61.721   53.014 (274)
167 Idaho                          1    9  154  430   61.414   70.964 ( 54)
168 Southern Miss                  0   10  179  378   61.051   70.906 ( 56)
169 Albany NY                      8    2  312  216   60.944   56.387 (202)
170 Northern Colorado              4    6  254  297   60.915   62.474 (153)
171 Portland St                    3    7  349  355   60.911   63.914 (135)
172 Trinity CT                     8    0  281  111   60.807   49.142 (360)
173 UC-Davis                       3    7  268  295   60.768   63.517 (141)
174 Hawai`i                        1    8  176  390   60.748   70.060 ( 65)
175 Lehigh                         9    1  295  219   60.707   55.247 (225)
176 Colorado St-Pueblo            11    0  425  208   60.679   49.126 (362)
177 Akron                          1   10  290  393   60.629   67.898 (109)
178 Massachusetts                  1    9  112  411   60.583   70.171 ( 64)
179 Harvard                        7    2  360  150   60.544   55.117 (228)
180 Harding                        9    1  368  155   60.520   51.245 (309)
181 Michigan Tech                  7    3  377  238   60.500   56.165 (208)
182 New Mexico St                  1    9  182  357   60.407   68.473 (102)
183 Tennessee Tech                 3    7  316  395   59.942   63.314 (143)
184 Minn St-Mankato               11    0  416  171   59.856   49.447 (354)
185 Saginaw Valley St              8    3  360  284   59.721   56.091 (209)
186 Maine                          4    6  236  209   59.550   60.299 (173)
187 Bloomsburg                    10    1  431  297   59.519   52.173 (286)
188 Grand Valley St                8    3  461  347   59.503   55.815 (214)
189 Colgate                        7    3  412  310   59.478   56.270 (205)
190 Delaware                       5    5  283  231   59.449   58.537 (184)
191 SE Missouri St                 3    7  248  324   59.411   62.712 (147)
192 Hillsdale                      7    4  330  228   59.398   56.397 (201)
193 Ohio Dominican                 8    3  449  227   59.306   52.944 (276)
194 Furman                         3    7  252  296   59.252   62.502 (152)
195 South Dakota                   1    9  179  315   59.150   66.168 (124)
196 Weber St                       1    9  199  338   58.970   66.085 (125)
197 Emporia St                     9    2  385  289   58.931   53.784 (256)
198 Western Illinois               3    7  107  276   58.766   64.550 (132)
199 Ferris St                      7    4  376  333   58.428   56.019 (210)
200 California PA                  8    3  363  260   58.343   54.226 (249)
201 West Texas A&M                 9    2  456  219   58.336   50.631 (322)
202 Northwestern St                4    6  248  320   58.315   61.033 (167)
203 Findlay                        7    3  325  274   58.300   54.753 (237)
204 Princeton                      5    4  245  164   58.282   56.288 (204)
205 Pittsburg St                   7    3  330  244   58.242   54.472 (246)
206 Wagner                         7    3  219  162   58.172   55.283 (224)
207 Liberty                        5    5  266  230   58.091   57.706 (191)
208 Elon                           3    7  250  326   57.996   60.825 (168)
209 Midwestern St                  9    1  411  248   57.892   51.081 (313)
210 Mercyhurst                     9    2  369  256   57.648   51.700 (296)
211 Southern Arkansas              8    2  373  202   57.551   50.186 (334)
212 Fordham                        6    4  304  268   57.512   56.682 (198)
213 Brown                          6    3  195  160   57.408   54.760 (236)
214 Middlebury                     7    1  268  149   57.395   48.953 (364)
215 New Haven                     10    0  407  137   57.382   45.757 (412)
216 Morningside                   10    0  457   57   57.266   40.670 (529)
217 Chadron St                     9    2  376  247   57.219   51.023 (314)
218 Pennsylvania                   5    4  200  213   57.184   57.026 (194)
219 Central Missouri               6    4  288  221   57.037   55.164 (226)
220 West Chester                   7    4  388  263   56.975   53.457 (264)
221 William & Mary                 2    8  219  246   56.956   60.716 (170)
222 Drake                          7    3  290  207   56.950   53.069 (272)
223 Minnesota-Duluth              10    1  503  224   56.941   48.294 (374)
224 Valdosta St                    8    2  415  207   56.899   50.456 (329)
225 Mount Union                   10    0  517   45   56.853   36.532 (625)
226 Kutztown                       6    4  476  329   56.618   52.756 (278)
227 Wayne St MI                    5    5  213  244   56.613   57.028 (193)
228 Lindenwood MO                  8    3  352  254   56.544   53.223 (269)
229 Arkansas-Pine Bluff            8    2  255  160   56.439   51.391 (303)
230 Delaware St                    6    4  218  202   56.378   55.934 (212)
231 North Carolina A&T             6    4  261  138   56.221   52.734 (279)
232 Winston-Salem St              11    0  497  177   56.194   45.200 (419)
233 Slippery Rock                  6    5  383  339   56.119   54.115 (250)
234 San Diego                      6    3  272  192   56.115   52.334 (283)
235 Lamar                          4    7  241  320   55.910   58.796 (181)
236 Northern Michigan              4    7  231  346   55.847   57.950 (189)
237 Georgetown DC                  5    5  211  237   55.777   55.392 (222)
238 Shepherd                       8    2  317  156   55.746   48.885 (367)
239 North Carolina Central         6    4  292  286   55.699   54.519 (245)
240 West Alabama                   7    3  325  190   55.696   50.473 (328)
241 Washburn                       7    4  317  328   55.686   54.079 (251)
242 Western Carolina               1    9  257  400   55.594   62.066 (158)
243 Lafayette                      5    5  242  259   55.580   55.398 (221)
244 Alabama St                     7    3  327  202   55.497   51.500 (300)
245 Dartmouth                      5    4  216  189   55.434   54.628 (242)
246 Indianapolis                   9    2  423  193   55.400   47.542 (385)
247 New Mexico Highlands           8    3  416  267   55.353   50.485 (327)
248 Southern Oregon                8    2  544  325   55.322   50.063 (338)
249 Sioux Falls                    9    2  344  222   55.280   49.863 (343)
250 St Thomas                     10    0  362  143   55.239   44.063 (440)
251 South Carolina St              4    6  177  290   55.220   60.297 (174)
252 Montana Tech                   8    2  324  213   55.193   50.089 (337)
253 UW-Oshkosh                    10    0  388  146   55.160   43.268 (457)
254 Winona St                      9    2  409  279   55.160   50.288 (332)
255 Tuskegee                       9    1  305  114   54.824   45.420 (415)
256 Northwood                      5    6  300  262   54.717   54.783 (234)
257 Jackson St                     6    4  284  283   54.682   54.616 (243)
258 Monmouth NJ                    4    5  268  259   54.677   54.882 (232)
259 Duquesne                       5    5  281  247   54.658   53.921 (254)
260 Cornell NY                     4    5  237  267   54.575   55.566 (219)
261 Amherst                        6    2  197  119   54.474   49.195 (357)
262 St Francis PA                  4    6  263  309   54.407   56.225 (207)
263 Jacksonville FL                7    3  246  207   54.403   50.144 (335)
264 Howard                         6    4  240  288   54.392   54.710 (240)
265 Mary Hardin-Baylor            10    0  496  180   54.185   41.900 (492)
266 Missouri Southern              6    5  266  275   54.159   53.398 (266)
267 Linfield                       9    0  403  146   54.121   42.066 (486)
268 Alabama A&M                    7    3  256  186   54.079   50.948 (315)
269 Idaho St                       1    9  214  552   54.039   63.742 (137)
270 Missouri Valley               10    0  409  123   54.020   40.108 (546)
271 Austin Peay                    1    9  186  404   53.920   62.547 (151)
272 Butler                         8    3  302  243   53.830   49.642 (351)
273 Northeastern St OK             4    6  231  314   53.715   55.636 (218)
274 Abilene Christian              7    4  315  236   53.638   51.392 (302)
275 Ouachita Baptist               6    4  311  227   53.604   51.563 (298)
276 Dayton                         6    5  251  230   53.587   52.991 (275)
277 Florida A&M                    4    6  208  233   53.547   56.887 (197)
278 Edinboro                       4    6  269  269   53.439   54.724 (238)
279 East Stroudsburg               5    5  385  359   53.404   52.531 (282)
280 Charleston Southern            5    5  199  271   53.396   54.230 (248)
281 Robert Morris PA               4    6  181  267   53.325   56.420 (200)
282 Carroll MT                     7    4  316  211   53.316   49.847 (344)
283 Columbia                       3    6  139  250   53.202   56.252 (206)
284 Lenoir-Rhyne                   8    2  367  164   53.166   46.767 (403)
285 Adams St                       8    3  335  196   53.154   47.637 (384)
286 Tarleton St                    6    4  345  283   53.112   51.315 (305)
287 Gardner-Webb                   2    8  204  375   53.017   59.976 (176)
288 TAMU-Kingsville                6    5  272  259   52.809   51.981 (288)
289 Nicholls St                    1    8  176  314   52.804   61.773 (161)
290 Charleston WV                  9    2  333  174   52.725   47.079 (398)
291 Bryant                         4    6  228  320   52.604   54.863 (233)
292 Carson-Newman                  8    2  410  248   52.586   47.247 (392)
293 East Central OK                6    5  251  254   52.523   52.214 (285)
294 Holy Cross                     1    9  209  317   52.430   58.017 (187)
295 Missouri S&T                  10    1  458  205   52.310   43.686 (449)
296 Morgan St                      3    7  212  300   52.300   55.706 (217)
297 Concord                        7    4  230  189   52.296   49.736 (348)
298 North Alabama                  5    5  261  231   52.286   51.893 (293)
299 St Cloud St                    7    4  394  294   52.276   49.768 (347)
300 Fort Hays St                   5    6  253  322   52.256   53.586 (262)
301 Georgia St                     1   10  191  424   52.059   61.715 (162)
302 Norfolk St                     4    7  207  266   52.046   54.664 (241)
303 Bates                          5    3  217  173   51.964   49.195 (357)
304 Bemidji St                     7    4  265  206   51.924   49.800 (346)
305 Marian IN                      8    1  321  126   51.811   41.923 (490)
306 Hobart                        10    0  389  148   51.800   40.022 (549)
307 Georgetown KY                 10    0  478  148   51.785   38.956 (574)
308 St Xavier                      9    1  363  146   51.721   41.845 (495)
309 Miles                          8    2  370  163   51.681   44.303 (435)
310 Yale                           2    7  134  255   51.612   56.324 (203)
311 Central Conn St                2    7  201  318   51.602   56.984 (196)
312 Wesley                         8    1  259  133   51.572   42.419 (476)
313 Bucknell                       2    8  141  242   51.423   56.647 (199)
314 Williams                       4    4  171  150   51.420   50.766 (317)
315 Glenville St                   6    5  289  247   51.326   50.303 (331)
316 Wayne St NE                    6    5  290  238   51.293   50.225 (333)
317 UW-Platteville                 8    2  410  182   51.139   44.962 (423)
318 Bentley                        8    2  263  157   51.083   45.409 (416)
319 Gannon                         3    8  248  322   51.067   54.567 (244)
320 Hampton                        2    7  190  287   51.041   55.814 (215)
321 Wesleyan                       5    3  198  158   50.981   48.953 (364)
322 Truman St                      4    7  264  308   50.960   53.049 (273)
323 St Francis IN                  8    2  362  161   50.940   42.356 (478)
324 American Int'l                 7    3  269  246   50.934   47.800 (383)
325 Angelo St                      5    6  286  313   50.930   51.781 (295)
326 Sacred Heart                   2    8  173  248   50.870   55.320 (223)
327 Notre Dame OH                  3    8  306  502   50.864   55.469 (220)
328 Central Oklahoma               2    8  225  356   50.739   55.934 (211)
329 Central Washington             7    4  342  225   50.608   48.378 (372)
330 Clarion                        4    7  188  325   50.581   53.648 (261)
331 Augustana SD                   5    6  401  357   50.513   50.710 (320)
332 Johns Hopkins                  9    1  386  149   50.501   41.849 (494)
333 Colorado Mines                 6    5  432  258   50.496   47.849 (380)
334 Marist                         3    6  211  165   50.423   51.303 (306)
335 Southern U.                    3    7  224  288   50.356   53.289 (268)
336 Arkansas Tech                  5    6  322  425   50.330   51.893 (294)
337 Fort Valley St                 8    3  319  276   50.310   45.549 (413)
338 SE Oklahoma St                 4    6  261  284   50.294   51.936 (292)
339 Lake Erie                      3    8  275  437   50.273   55.029 (230)
340 Mars Hill                      6    4  280  255   50.206   48.959 (363)
341 St Ambrose                     9    1  331  163   50.179   42.160 (484)
342 Nebraska-Kearney               3    8  278  331   50.155   53.777 (257)
343 SW Baptist                     3    8  222  304   50.109   53.453 (265)
344 Walsh                          3    8  206  236   50.090   53.682 (260)
345 MidAmerica Nazarene            8    2  396  165   50.077   42.072 (485)
346 C.W. Post                      3    6  231  291   49.894   52.682 (281)
347 Humboldt St                    7    4  341  270   49.884   48.049 (377)
348 VMI                            2    8  119  305   49.829   58.012 (188)
349 Northern St SD                 6    5  358  292   49.817   48.942 (366)
350 Montana-Western                4    6  242  326   49.813   51.165 (310)
351 Concordia-Moorhead             8    2  341  193   49.728   43.777 (446)
352 Bethel MN                      8    2  306  180   49.545   44.103 (438)
353 Western Oregon                 6    5  285  244   49.539   49.180 (359)
354 Salisbury                      8    2  350  137   49.524   42.830 (465)
355 UW-Whitewater                  7    3  247  102   49.500   44.939 (424)
356 Coe                           10    0  399  110   49.441   36.705 (624)
357 Morehead St                    3    7  346  310   49.397   51.482 (301)
358 Mississippi Valley St          4    6  153  203   49.378   51.370 (304)
359 Rocky Mountain                 6    5  304  268   49.355   48.538 (371)
360 McMurry                        7    3  325  282   49.276   45.969 (410)
361 Eastern Oregon                 4    6  192  305   49.177   51.292 (307)
362 Alcorn St                      4    6  166  343   49.176   54.058 (252)
363 Delta St                       3    7  247  312   49.163   52.016 (287)
364 SW Oklahoma St                 3    7  212  319   49.088   53.349 (267)
365 Tiffin                         3    8  195  344   49.033   54.407 (247)
366 UNC-Pembroke                   6    4  273  241   48.936   47.105 (395)
367 Cumberlands KY                 9    1  477  202   48.881   40.462 (534)
368 Prairie View A&M               3    7  264  354   48.703   53.127 (271)
369 William Penn                   9    2  360  147   48.488   39.275 (567)
370 Heidelberg                     9    1  374  134   48.456   36.099 (635)
371 Pacific Lutheran               7    2  302  195   48.365   42.370 (477)
372 SW Minnesota St                4    7  325  400   48.360   50.906 (316)
373 Cal Lutheran                   8    1  410  218   48.349   37.844 (599)
374 North Central                  8    2  392  147   48.302   41.244 (511)
375 St Augustine's                 6    4  305  273   48.210   46.710 (405)
376 Wingate                        6    5  333  293   48.209   47.170 (393)
377 West Georgia                   3    7  284  309   48.199   50.610 (323)
378 Grand View                     8    3  298  177   48.175   43.424 (454)
379 Presbyterian                   2    8  156  396   48.012   57.833 (190)
380 Shorter                        6    5  234  265   47.968   46.626 (407)
381 Colorado Mesa                  4    7  225  334   47.751   51.086 (312)
382 Northwestern IA                9    2  417  157   47.741   40.048 (548)
383 Muhlenberg                     8    2  302  147   47.656   40.747 (526)
384 Baker                          8    2  319  201   47.647   41.251 (510)
385 Augsburg                       7    3  380  276   47.631   43.872 (444)
386 Louisiana College              8    2  350  233   47.608   41.829 (497)
387 Cortland St                    8    1  337  180   47.606   39.602 (557)
388 Western New Mexico             4    7  321  390   47.578   50.097 (336)
389 West Liberty                   6    5  234  229   47.476   47.432 (387)
390 Merrimack                      6    4  410  311   47.451   45.463 (414)
391 Eastern New Mexico             3    7  214  375   47.349   51.644 (297)
392 Montana St-Northern            3    7  253  290   47.237   49.957 (342)
393 Stonehill                      5    5  242  218   47.236   47.070 (399)
394 Simon Fraser                   5    6  377  393   47.214   47.863 (379)
395 Millersville                   2    9  184  455   47.192   54.721 (239)
396 Azusa Pacific                  4    7  231  327   47.185   49.723 (349)
397 Black Hills St                 3    7  208  315   47.169   50.577 (326)
398 Willamette                     8    2  396  260   47.008   41.634 (502)
399 Rhode Island                   0   10   99  377   46.999   61.339 (165)
400 Mary                           4    7  274  385   46.819   49.214 (356)
401 St Olaf                        7    3  285  241   46.758   42.483 (475)
402 Urbana                         7    4  375  216   46.729   44.087 (439)
403 Newberry                       5    6  289  292   46.729   47.420 (389)
404 Elizabeth City St              7    4  270  254   46.654   45.320 (417)
405 Utica                          6    4  342  285   46.595   43.747 (447)
406 Lincoln MO                     1   10  233  458   46.591   53.772 (258)
407 Malone                         1    9  149  359   46.524   55.897 (213)
408 Alfred                         6    3  229  150   46.437   42.639 (471)
409 UW-Eau Claire                  4    6  201  243   46.415   47.844 (381)
410 Elmhurst                       9    1  328  211   46.390   38.851 (577)
411 Texas Southern                 2    8  162  394   46.381   54.884 (231)
412 Gettysburg                     7    3  375  199   46.308   39.858 (553)
413 Buffalo St                     6    4  235  240   46.256   44.792 (426)
414 Concordia-St Paul              2    9  282  384   46.240   51.099 (311)
415 Widener                        9    0  461  155   46.219   33.346 (697)
416 Johnson C. Smith               6    4  313  291   46.212   44.798 (425)
417 Wheaton                        8    2  400  166   46.188   38.820 (579)
418 St John Fisher                 7    3  240  168   46.186   42.985 (463)
419 Colby                          3    5  127  211   46.056   49.142 (361)
420 Ithaca                         6    4  228  177   45.970   43.873 (443)
421 Langston                       6    4  170  162   45.934   44.019 (441)
422 Hardin-Simmons                 6    4  475  350   45.932   43.086 (461)
423 Dixie St                       3    8  252  415   45.849   49.274 (355)
424 Franklin & Marshall            7    3  287  229   45.830   42.585 (473)
425 Fairmont St                    4    6  257  319   45.787   48.099 (376)
426 St John's MN                   5    5  336  263   45.725   44.663 (428)
427 Rowan                          7    2  259  101   45.667   38.915 (575)
428 Framingham St                 10    1  379  133   45.646   35.063 (665)
429 UW-La Crosse                   4    6  150  237   45.589   48.647 (370)
430 Incarnate Word                 2    9  178  322   45.537   52.316 (284)
431 Minot St                       3    8  190  358   45.498   50.385 (330)
432 Chowan                         6    4  328  268   45.440   43.565 (452)
433 Shaw                           4    6  309  341   45.402   46.858 (402)
434 Upper Iowa                     2    9  287  448   45.394   50.761 (319)
435 North Greenville               5    6  181  317   45.300   47.432 (388)
436 Catawba                        4    7  245  277   45.207   46.741 (404)
437 TAMU-Commerce                  1    9  126  304   45.207   53.521 (263)
438 Albany St GA                   6    4  200  204   45.136   43.634 (450)
439 Doane                          7    3  302  186   45.078   41.030 (516)
440 WV Wesleyan                    3    8  263  318   45.038   48.355 (373)
441 Lock Haven                     1   10   92  346   44.921   54.782 (235)
442 Union NY                       6    4  295  220   44.807   42.218 (480)
443 Stillman                       6    5  232  276   44.789   44.976 (422)
444 Trinity TX                     7    3  349  243   44.634   40.817 (524)
445 Bridgewater St MA              9    1  284  151   44.585   35.902 (642)
446 Otterbein                      8    2  238  161   44.551   37.545 (605)
447 Hamilton                       1    7  165  301   44.528   51.944 (290)
448 Bacone                         6    4  279  198   44.403   41.864 (493)
449 Assumption                     3    7  268  271   44.329   46.682 (406)
450 Birmingham-Southern            7    3  349  211   44.325   40.162 (544)
451 St Joseph's IN                 6    5  307  393   44.307   45.224 (418)
452 Washington and Lee             8    2  368  230   44.303   39.195 (568)
453 Evangel                        7    4  360  367   44.277   42.192 (481)
454 Bowie St                       5    5  227  241   44.257   44.534 (430)
455 Springfield                    7    3  377  233   44.219   40.019 (550)
456 St Francis IL                  6    5  317  230   44.179   42.820 (466)
457 Ursinus                        6    4  278  229   44.176   41.989 (489)
458 Central St OH                  4    6  244  301   44.112   47.158 (394)
459 Endicott                       8    2  414  201   44.088   36.934 (617)
460 Grambling St                   1    9  167  318   44.041   52.727 (280)
461 Susquehanna                    6    4  224  216   44.035   42.297 (479)
462 Benedictine KS                 7    4  416  275   44.013   40.554 (533)
463 NW Oklahoma St                 3    7  187  421   43.834   50.601 (324)
464 Salve Regina                   9    2  356  161   43.811   36.241 (630)
465 Davidson                       2    8  167  317   43.743   50.050 (339)
466 Sul Ross St                    5    5  488  491   43.626   43.287 (456)
467 Nebraska Wesleyan              6    4  205  174   43.589   41.720 (499)
468 Huntingdon AL                  6    3  330  228   43.456   40.133 (545)
469 Bethel TN                      8    3  374  320   43.347   40.226 (542)
470 Savannah St                    1    9  134  467   43.342   57.490 (192)
471 Arkansas-Monticello            0   10  181  414   43.337   53.942 (253)
472 Virginia Union                 5    5  262  202   43.268   42.886 (464)
473 Whitworth                      7    3  324  272   43.222   40.360 (538)
474 Virginia St                    4    6  182  194   43.146   44.306 (434)
475 Adrian                         9    1  235  112   43.039   34.446 (677)
476 McKendree                      3    7  223  289   43.032   47.442 (386)
477 Redlands                       6    3  360  196   42.916   37.802 (601)
478 Kentucky Christian             7    4  197  190   42.886   40.892 (520)
479 RPI                            5    4  283  251   42.726   41.566 (504)
480 Tusculum                       2    9  256  398   42.711   47.813 (382)
481 West Virginia St               2    9  178  466   42.668   49.973 (341)
482 Lycoming                       8    2  282  124   42.668   34.190 (684)
483 Minnesota-Crookston            2    9  187  451   42.656   49.593 (352)
484 Quincy                         3    8  203  361   42.620   48.722 (369)
485 Southern Conn St               3    8  190  334   42.610   48.289 (375)
486 Bowdoin                        1    7   88  180   42.453   50.766 (318)
487 Concordia IL                  10    0  404  239   42.430   32.254 (707)
488 Belhaven                       6    5  362  188   42.416   40.235 (541)
489 Concordia AL                   4    4  158  177   42.410   42.624 (472)
490 Ottawa                         8    2  381  206   42.380   35.592 (648)
491 Dickinson St                   2    9  104  339   42.360   49.810 (345)
492 Millsaps                       7    3  358  258   42.311   38.957 (573)
493 UW-Stout                       3    7  182  268   42.265   45.780 (411)
494 UW-Stevens Point               2    8  207  307   42.252   47.264 (391)
495 Brockport St                   6    4  314  216   42.099   39.377 (565)
496 Hastings                       6    4  262  290   42.083   41.330 (509)
497 Cumberland TN                  8    3  341  285   42.035   38.732 (581)
498 Fayetteville St                2    8  225  333   42.032   47.417 (390)
499 Robert Morris IL               8    3  399  159   41.999   34.147 (685)
500 Valparaiso                     1    9  178  420   41.984   51.966 (289)
501 Minn St-Moorhead               1   10  184  400   41.974   50.705 (321)
502 Dakota Wesleyan                6    4  234  280   41.881   41.350 (508)
503 Morehouse                      3    7  284  265   41.785   45.073 (420)
504 Faulkner                       6    5  359  267   41.747   40.411 (535)
505 Tabor                          8    2  410  175   41.744   33.744 (691)
506 Dubuque                        5    5  334  302   41.700   40.989 (518)
507 Gustavus Adolphus              3    7  213  241   41.665   44.990 (421)
508 Wartburg                       6    4  309  179   41.662   38.825 (578)
509 Illinois Wesleyan              6    4  319  227   41.642   38.855 (576)
510 Randolph-Macon                 7    3  305  265   41.612   38.636 (585)
511 Western St CO                  1   10  125  361   41.590   51.507 (299)
512 Delaware Valley                7    3  351  144   41.555   34.658 (671)
513 Valley City St                 7    3  262  210   41.536   38.978 (571)
514 Baldwin-Wallace                7    3  324  225   41.470   37.129 (611)
515 Franklin                       8    2  417  186   41.447   33.277 (698)
516 Lane                           5    5  254  278   41.185   42.037 (487)
517 Hampden-Sydney                 6    4  365  246   41.183   38.347 (592)
518 Dickinson                      4    6  171  321   41.116   43.806 (445)
519 Concordia NE                   5    6  264  249   41.082   41.665 (501)
520 Wash & Jeff                    8    2  256  197   41.066   35.873 (644)
521 Simpson                        6    4  275  232   41.001   38.772 (580)
522 Augustana IL                   5    5  224  231   40.955   40.303 (539)
523 Millikin                       5    5  363  252   40.892   39.583 (558)
524 Central IA                     5    5  237  253   40.783   41.103 (513)
525 Rhodes                         6    3  164  174   40.750   38.352 (591)
526 Waynesburg                     9    1  245  175   40.730   34.802 (670)
527 Brevard                        2    9  209  345   40.678   46.434 (409)
528 Norwich                        7    2  312  164   40.652   34.947 (668)
529 St Anselm                      2    9  297  491   40.608   47.105 (396)
530 Centre                         6    4  254  229   40.505   38.724 (582)
531 Wabash                         8    2  297  131   40.500   34.437 (678)
532 UW-River Falls                 2    8  121  274   40.431   47.082 (397)
533 Wittenberg                     9    1  390  152   40.410   31.746 (714)
534 Pacific OR                     3    6  258  304   40.357   42.673 (470)
535 Bridgewater VA                 7    3  270  176   40.314   35.926 (641)
536 Cheyney                        1   10  131  470   40.241   53.215 (270)
537 Rochester                      4    5  215  226   40.207   41.088 (515)
538 Mount Ida                      8    2  355  237   40.147   34.504 (676)
539 Southern Nazarene              1    9  187  318   40.074   49.686 (350)
540 Kean                           5    4  259  208   40.042   39.478 (562)
541 John Carroll                   6    4  317  228   40.031   37.610 (603)
542 Campbell                       1    9  149  394   39.923   50.591 (325)
543 Tufts                          0    8   95  255   39.922   51.944 (290)
544 Buena Vista                    4    6  198  355   39.891   42.777 (468)
545 Albright                       7    3  309  190   39.883   34.263 (683)
546 Emory & Henry                  6    4  249  246   39.833   38.614 (586)
547 Trine                          7    3  264  199   39.824   36.205 (631)
548 Thomas More                    7    3  327  153   39.793   35.197 (660)
549 Castleton St                   7    3  343  304   39.767   35.882 (643)
550 Merchant Marine                5    5  245  347   39.630   40.574 (531)
551 Concordia WI                   7    3  276  187   39.595   34.335 (681)
552 Texas Lutheran                 4    6  381  368   39.465   40.809 (525)
553 Siena Heights                  4    6  206  268   39.427   42.018 (488)
554 William Jewell                 2    9  224  457   39.365   47.024 (400)
555 Midland U.                     4    6  173  222   39.283   41.605 (503)
556 Gallaudet                      7    3  320  197   39.281   35.116 (663)
557 Taylor                         4    6  236  241   39.177   40.236 (540)
558 East Texas Baptist             3    7  265  340   39.137   43.003 (462)
559 Chapman                        6    3  299  218   39.121   35.569 (650)
560 Trinity Int'l                  4    7  360  325   39.066   40.083 (547)
561 Carleton                       3    7  212  366   39.035   43.532 (453)
562 Clark Atlanta                  2    8   98  268   39.008   46.518 (408)
563 OK Panhandle St                3    6  258  272   38.900   41.511 (505)
564 Ohio Wesleyan                  9    1  289  193   38.895   32.344 (705)
565 Seton Hill                     0   11  235  454   38.883   48.774 (368)
566 Ferrum                         7    3  322  231   38.827   35.475 (653)
567 Texas College                  3    8  135  320   38.729   44.147 (437)
568 Juniata                        3    7  177  256   38.713   42.186 (483)
569 Maryville                      6    4  265  216   38.655   36.909 (618)
570 Menlo                          3    6  241  214   38.610   42.190 (482)
571 Graceland                      5    6  157  331   38.602   41.844 (496)
572 Jamestown                      4    6  200  224   38.583   40.409 (536)
573 South Dakota Tech              2    8  227  449   38.564   46.860 (401)
574 Olivet Nazarene                3    8  204  345   38.513   43.879 (442)
575 Western New England            6    4  327  227   38.497   35.453 (655)
576 Albion                         6    4  263  176   38.450   35.280 (658)
577 St Mary KS                     6    5  370  298   38.358   36.761 (621)
578 Montclair St                   5    5  179  207   38.344   38.969 (572)
579 Livingstone                    2    8  241  468   38.153   44.439 (433)
580 Sewanee                        3    7  191  230   38.100   40.570 (532)
581 Wisconsin Lutheran             7    3  266  130   38.026   31.717 (716)
582 Christopher Newport            6    4  241  240   37.992   37.108 (613)
583 Peru St                        5    6  305  370   37.919   39.329 (566)
584 Fort Lewis                     0   10  118  446   37.911   52.824 (277)
585 Friends                        6    5  244  204   37.807   36.108 (634)
586 Macalester                     6    4  342  194   37.728   33.240 (699)
587 Washington U.                  5    5  153  178   37.631   38.315 (593)
588 Edward Waters                  4    6  294  356   37.479   41.027 (517)
589 St Scholastica                 8    2  283  125   37.444   30.978 (725)
590 Lindsey Wilson                 3    8  312  372   37.428   41.095 (514)
591 Benedict                       1    9  160  295   37.364   44.457 (432)
592 Guilford                       5    5  239  303   37.334   37.712 (602)
593 McPherson                      5    4  222  172   37.325   36.178 (632)
594 Moravian                       2    8  117  290   37.316   43.603 (451)
595 Lebanon Valley                 6    4  279  220   37.282   34.353 (679)
596 Coast Guard                    5    4  297  257   37.254   35.982 (639)
597 Frostburg St                   3    7  152  328   37.247   42.791 (467)
598 Lewis & Clark                  4    5  228  325   37.192   39.516 (560)
599 Virginia U-Lynchburg           1    7   63  219   37.182   47.896 (378)
600 Kentucky Wesleyan              2    9  206  441   37.182   44.289 (436)
601 Carnegie Mellon                6    4  299  246   37.043   35.457 (654)
602 Campbellsville                 3    8  217  345   37.014   41.133 (512)
603 Kansas Wesleyan                6    5  299  313   36.968   35.981 (640)
604 Northwestern MN                8    2  315  180   36.918   31.281 (722)
605 Hope                           5    5  281  283   36.863   36.094 (636)
606 Lake Forest                    8    2  252  190   36.770   32.175 (709)
607 Hartwick                       3    7  241  298   36.757   40.906 (519)
608 New Jersey                     4    6  258  270   36.688   38.221 (594)
609 Methodist                      5    5  253  253   36.668   36.792 (620)
610 Union KY                       4    7  242  382   36.615   39.998 (551)
611 Worcester St                   6    4  284  284   36.501   35.131 (662)
612 Carthage                       3    7  180  324   36.454   40.656 (530)
613 Pikeville                      3    8  284  410   36.378   40.697 (528)
614 Grove City                     6    4  239  191   36.357   33.485 (695)
615 Virginia-Wise                  3    8  181  371   36.313   41.360 (507)
616 Mass Maritime                  5    4  299  233   36.070   34.627 (672)
617 Carroll WI                     8    2  344  142   35.903   29.721 (738)
618 Case Western Reserve           6    4  227  165   35.755   33.046 (701)
619 Mississippi College            2    8  183  405   35.727   43.419 (455)
620 Central Methodist              2    8  181  260   35.493   41.666 (500)
621 Curry                          6    4  269  248   35.487   34.536 (674)
622 St Norbert                     8    2  287  195   35.408   30.561 (733)
623 Southern Virginia              4    6  179  266   35.384   37.366 (607)
624 Ohio Northern                  4    6  231  241   35.379   37.863 (598)
625 MIT                            5    4  215  252   35.354   35.267 (659)
626 La Verne                       4    5  232  318   35.332   36.996 (615)
627 Iowa Wesleyan                  3    8  285  440   35.320   40.374 (537)
628 Greenville                     7    2  301  276   35.253   31.648 (718)
629 Catholic                       3    7  228  312   35.234   38.463 (589)
630 Illinois College               8    2  412  270   35.227   29.901 (737)
631 William Paterson               4    5  186  239   35.140   36.173 (633)
632 Waldorf                        4    7  360  458   35.125   38.133 (596)
633 Whittier                       4    5  360  353   35.100   36.016 (637)
634 Webber Int'l                   4    6  169  210   34.969   37.872 (597)
635 LaGrange                       3    7  196  308   34.958   38.149 (595)
636 Lincoln PA                     1    9  206  479   34.946   44.738 (427)
637 Kentucky St                    1    8   90  281   34.838   44.649 (429)
638 WPI                            2    8  159  325   34.735   40.852 (521)
639 Benedictine IL                 5    5  204  194   34.716   33.684 (692)
640 Aurora                         5    5  335  306   34.629   33.439 (696)
641 Greensboro                     5    5  181  278   34.586   35.716 (647)
642 Muskingum                      3    7  199  250   34.559   38.690 (583)
643 Lindenwood-Belleville          4    6  246  314   34.381   36.856 (619)
644 Bethany WV                     3    7  301  320   34.271   36.479 (626)
645 Pace                           0    9  116  465   34.179   49.537 (353)
646 Avila                          2    9  294  410   34.062   40.827 (523)
647 Geneva                         3    7  268  305   33.699   37.229 (610)
648 Hamline                        1    9  164  455   33.698   44.471 (431)
649 Austin                         2    8  163  297   33.648   39.396 (563)
650 Kalamazoo                      5    5  197  247   33.620   34.321 (682)
651 Chicago                        4    6  160  205   33.567   34.525 (675)
652 Point U.                       2    8  206  372   33.467   39.674 (555)
653 SUNY-Maritime                  3    6  174  179   33.465   35.515 (652)
654 Hanover                        6    4  360  279   33.432   30.583 (731)
655 North Carolina Wesleyan        3    7  197  326   33.287   37.336 (608)
656 Thiel                          3    7  126  176   33.195   36.267 (629)
657 Manchester                     6    4  276  217   33.018   30.396 (734)
658 Dakota St                      2    9  234  401   32.948   39.385 (564)
659 Briar Cliff                    1   10  196  414   32.930   41.914 (491)
660 Mayville St                    3    6  247  301   32.897   34.979 (666)
661 Southwestern KS                4    7  246  349   32.895   35.178 (661)
662 Allegheny                      5    5  114  190   32.709   33.524 (694)
663 Wilkes                         5    5  213  313   32.695   33.948 (686)
664 Kenyon                         6    4  197  180   32.668   30.664 (728)
665 Denison                        4    6  227  266   32.602   33.931 (688)
666 St Lawrence                    0   10  151  331   32.490   43.181 (458)
667 Westfield St                   3    7  245  258   32.445   35.579 (649)
668 Westminster PA                 3    6  195  199   32.411   33.893 (690)
669 Wayland Baptist                2    7  142  401   32.407   40.848 (522)
670 SW Assem of God                3    7  210  251   32.330   35.721 (646)
671 Oberlin                        4    6  212  198   32.247   32.822 (702)
672 Becker                         3    7  203  326   32.072   35.319 (657)
673 Bluffton                       6    4  188  217   32.033   30.564 (732)
674 Shenandoah                     1    9  153  252   32.006   38.560 (587)
675 McDaniel                       0   10  152  362   31.725   43.088 (460)
676 Ave Maria                      1    7  141  301   31.683   39.881 (552)
677 Culver-Stockton                1   10  144  463   31.668   43.128 (459)
678 Minnesota-Morris               6    4  270  273   31.660   30.604 (730)
679 Western Conn St                1    8  165  405   31.646   40.168 (543)
680 Loras                          2    8  116  375   31.529   39.689 (554)
681 Dordt                          1   10  137  404   31.499   41.728 (498)
682 Monmouth IL                    5    5  310  280   31.437   31.831 (712)
683 Averett                        1    9  173  284   31.383   37.510 (606)
684 DePauw                         2    8  177  295   31.321   36.730 (622)
685 Rose-Hulman                    4    5  241  279   31.274   31.753 (713)
686 Howard Payne                   1    9  147  443   31.259   41.505 (506)
687 Sterling                       2    8  146  226   31.244   36.342 (627)
688 Luther                         0   10  112  294   31.240   42.744 (469)
689 Ripon                          5    5  310  319   31.221   31.284 (721)
690 Bethany KS                     3    8  180  314   31.004   35.094 (664)
691 Occidental                     2    7  173  377   30.364   37.229 (609)
692 Fitchburg St                   2    8  139  308   30.237   36.724 (623)
693 Cornell IA                     4    6  293  313   30.178   32.425 (704)
694 Capital                        2    8  135  319   30.167   39.097 (570)
695 Morrisville St                 1    9  117  333   29.709   38.668 (584)
696 Puget Sound                    0    9  161  470   29.559   42.510 (474)
697 Eureka                         4    6  231  307   29.378   31.693 (717)
698 UMass-Dartmouth                1    9  155  349   29.189   38.462 (590)
699 North Park                     1    9  153  384   29.153   39.558 (559)
700 Husson                         2    8  141  369   29.061   36.330 (628)
701 Pomona-Pitzer                  1    8  151  303   28.997   37.030 (614)
702 Stevenson                      2    8  222  300   28.972   34.550 (673)
703 Bluefield                      0   11  161  517   28.947   40.724 (527)
704 Plymouth St                    2    8  112  237   28.863   35.785 (645)
705 Westminster MO                 4    6  226  244   28.761   30.092 (735)
706 Alma                           1    9  117  358   28.719   39.486 (561)
707 Mt St Joseph                   4    6  213  248   28.631   29.913 (736)
708 Anna Maria                     2    8  251  413   28.469   34.337 (680)
709 Lakeland                       2    8  169  289   28.339   33.540 (693)
710 Nichols                        1    9  162  365   28.139   36.945 (616)
711 Wooster                        2    8  188  244   28.083   33.079 (700)
712 King's PA                      2    8  183  308   27.897   34.971 (667)
713 FDU-Florham                    2    7  163  325   27.785   33.906 (689)
714 Apprentice                     0    8   81  254   27.746   39.654 (556)
715 Grinnell                       2    8  169  254   27.607   32.152 (710)
716 Martin Luther                  4    6  215  238   27.517   29.268 (739)
717 Concordia MI                   0    9   82  423   27.400   43.738 (448)
718 MacMurray                      2    8  189  364   26.662   32.295 (706)
719 Claremont-Mudd-Scripps         0    9  128  311   26.283   37.569 (604)
720 Lawrence                       2    8  275  454   26.219   30.999 (724)
721 Knox                           2    8  311  432   26.118   31.186 (723)
722 Defiance                       2    8  177  292   25.869   31.916 (711)
723 Crown                          2    8  182  347   25.598   31.613 (719)
724 St Vincent                     0   10  131  305   25.419   35.992 (638)
725 Marietta                       0   10  142  421   24.827   39.165 (569)
726 Presentation                   2    8  206  355   24.810   30.699 (727)
727 Wilmington                     1    9   91  444   24.431   38.492 (588)
728 Rockford                       2    8  130  322   23.831   31.740 (715)
729 Maine Maritime                 0    9  139  379   23.369   35.563 (651)
730 Olivet                         0   10  135  327   23.176   35.353 (656)
731 Haskell                        1    8  110  452   21.458   34.930 (669)
732 Bethel KS                      0   10   58  514   20.924   37.821 (600)
733 Earlham                        1    8  121  357   20.608   30.730 (726)
734 Hiram                          0   10   69  364   20.509   33.935 (687)
735 Beloit                         0   10  118  355   20.123   31.289 (720)
736 Trinity Bible                  1    7  161  394   19.809   30.650 (729)
737 Misericordia                   0   10   54  516   17.512   37.127 (612)
738 Anderson                       0   10   78  401   17.222   32.185 (708)
739 Maranatha Baptist              0   10  113  436   16.200   32.662 (703)
