Rnk Team                         WON LOST   PF   PA     RATE      SOS
--- ----                         --- ----  ---  ---  -------  -------
  1 Alabama                       14    0  449  164   82.396   69.965 (  6)
  2 Florida                       13    1  502  174   79.848   69.331 ( 17)
  3 Texas                         13    1  550  234   77.555   68.509 ( 32)
  4 TCU                           12    1  498  166   76.776   66.815 ( 62)
  5 Boise St                      14    0  591  240   76.688   64.666 ( 94)
  6 Cincinnati                    12    1  502  300   76.207   67.335 ( 54)
  7 Virginia Tech                 10    3  414  203   75.483   69.962 (  7)
  8 Ohio State                    11    2  377  163   75.406   67.959 ( 45)
  9 Oregon                        10    3  469  309   74.799   70.388 (  1)
 10 LSU                            9    4  323  211   74.208   70.142 (  3)
 11 Penn State                    11    2  375  159   74.163   66.772 ( 64)
 12 Iowa                          11    2  301  200   73.975   68.165 ( 38)
 13 Georgia Tech                  11    3  473  347   73.844   69.387 ( 16)
 14 Pittsburgh                    10    3  417  257   73.176   68.051 ( 42)
 15 Brigham Young                 11    2  461  280   73.132   66.983 ( 59)
 16 Arkansas                       8    5  468  326   73.000   69.704 ( 12)
 17 Southern Cal                   9    4  344  258   72.825   69.262 ( 18)
 18 Mississippi                    9    4  384  230   72.736   68.132 ( 40)
 19 Nebraska                      10    4  352  146   72.709   67.745 ( 48)
 20 Miami FL                       9    4  394  288   72.577   68.980 ( 19)
 21 Oklahoma                       8    5  404  189   72.227   68.609 ( 29)
 22 Clemson                        9    5  436  286   72.142   68.571 ( 30)
 23 Utah                          10    3  388  263   72.028   66.754 ( 65)
 24 Oregon St                      8    5  409  325   71.861   68.845 ( 24)
 25 Georgia                        8    5  376  337   71.823   69.725 ( 11)
 26 Auburn                         8    5  433  358   71.737   69.680 ( 13)
 27 Stanford                       8    5  461  345   71.613   68.968 ( 21)
 28 West Virginia                  9    4  340  282   71.596   68.514 ( 31)
 29 Arizona                        8    5  356  311   71.567   69.493 ( 15)
 30 Texas Tech                     9    4  481  292   71.525   67.074 ( 57)
 31 Wisconsin                     10    3  413  283   71.413   67.057 ( 58)
 32 Oklahoma St                    9    4  369  282   71.320   67.808 ( 47)
 33 Tennessee                      7    6  381  289   71.180   69.568 ( 14)
 34 North Carolina                 8    5  309  222   70.966   68.130 ( 41)
 35 Connecticut                    8    5  405  307   70.847   68.010 ( 44)
 36 South Carolina                 7    6  268  265   70.657   70.283 (  2)
 37 Florida St                     7    6  391  390   70.515   70.119 (  4)
 38 California                     8    5  378  331   70.324   68.793 ( 25)
 39 Mississippi St                 5    7  307  321   70.162   70.117 (  5)
 40 Rutgers                        9    4  375  233   70.061   64.337 ( 95)
 41 Villanova                     14    1  471  211   70.014   60.614 (123)
 42 Kentucky                       7    6  339  295   69.876   68.460 ( 34)
 43 Boston College                 8    5  322  257   69.759   67.640 ( 50)
 44 South Florida                  8    5  344  257   69.742   66.285 ( 69)
 45 Navy                          10    4  392  272   69.646   65.593 ( 81)
 46 UCLA                           7    6  286  276   69.563   68.969 ( 20)
 47 Notre Dame                     6    6  361  311   69.417   68.723 ( 26)
 48 Air Force                      8    5  386  204   69.324   65.799 ( 78)
 49 Washington                     5    7  313  320   69.252   69.950 (  8)
 50 Central Michigan              12    2  475  265   69.032   62.120 (116)
 51 Missouri                       8    5  377  330   68.848   67.407 ( 51)
 52 Houston                       10    4  591  421   68.762   64.293 ( 96)
 53 East Carolina                  9    5  378  307   68.735   66.731 ( 66)
 54 Michigan St                    6    7  386  342   68.042   67.853 ( 46)
 55 Texas A&M                      6    7  427  436   68.006   68.170 ( 37)
 56 Minnesota                      6    7  272  309   67.908   68.905 ( 22)
 57 Wake Forest                    5    7  316  315   67.894   68.710 ( 27)
 58 Northwestern                   8    5  337  318   67.863   65.340 ( 86)
 59 Fresno St                      8    5  440  369   67.622   65.793 ( 80)
 60 William & Mary                11    3  366  169   67.614   60.503 (126)
 61 Montana                       14    1  537  285   67.208   58.563 (145)
 62 Nevada                         8    5  497  371   67.182   65.493 ( 83)
 63 Richmond                      11    2  389  212   67.078   59.227 (136)
 64 Arizona St                     4    8  268  253   66.942   68.151 ( 39)
 65 Iowa St                        7    6  267  284   66.903   66.087 ( 75)
 66 Central Florida                8    5  340  293   66.786   65.378 ( 85)
 67 North Carolina St              5    7  364  374   66.631   66.781 ( 63)
 68 Purdue                         5    7  334  349   66.521   67.719 ( 49)
 69 Kansas St                      6    6  276  280   66.490   66.202 ( 72)
 70 Kansas                         5    7  353  341   66.481   67.330 ( 55)
 71 Troy                           9    4  438  387   66.402   63.707 (100)
 72 Temple                         9    4  384  290   66.280   62.996 (109)
 73 SMU                            8    5  380  359   66.267   64.968 ( 89)
 74 Middle Tennessee St           10    3  416  308   66.199   62.256 (114)
 75 Virginia                       3    9  232  316   65.955   69.778 ( 10)
 76 Syracuse                       4    8  254  335   65.884   68.657 ( 28)
 77 Wyoming                        7    6  238  355   65.842   67.194 ( 56)
 78 Idaho                          8    5  425  468   65.836   64.895 ( 93)
 79 Marshall                       7    6  283  316   65.746   65.553 ( 82)
 80 Duke                           5    7  302  340   65.614   66.259 ( 71)
 81 Southern Miss                  7    6  428  336   65.475   63.692 (101)
 82 Baylor                         4    8  249  327   65.383   68.018 ( 43)
 83 Michigan                       5    7  354  330   65.365   65.826 ( 77)
 84 Louisville                     4    8  217  315   65.260   67.370 ( 53)
 85 Ohio U.                        9    5  347  298   65.121   62.998 (108)
 86 UNLV                           5    7  298  389   65.092   66.849 ( 61)
 87 UW-Whitewater                 15    0  637  156   64.739   48.640 (333)
 88 Bowling Green                  7    6  370  357   64.589   64.233 ( 97)
 89 Appalachian St                11    3  465  313   64.383   58.928 (141)
 90 Colorado                       3    9  267  346   64.366   68.285 ( 35)
 91 Louisiana Tech                 4    8  350  309   64.170   65.794 ( 79)
 92 Illinois                       3    9  290  362   64.163   68.190 ( 36)
 93 Southern Illinois             11    2  442  207   63.900   55.770 (167)
 94 Hawai`i                        6    7  296  383   63.722   64.933 ( 90)
 95 Indiana                        4    8  282  354   63.690   66.419 ( 68)
 96 Northern Illinois              7    6  372  281   63.656   61.854 (117)
 97 Alabama-Birmingham             5    7  333  388   63.599   65.161 ( 88)
 98 Utah St                        4    8  349  408   63.428   66.170 ( 74)
 99 Elon                           9    3  365  158   63.397   57.078 (156)
100 Maryland                       2   10  256  375   63.396   68.505 ( 33)
101 NW Missouri St                14    1  632  280   63.291   54.811 (176)
102 Tulsa                          5    7  351  328   63.128   64.141 ( 99)
103 New Hampshire                 10    3  414  274   63.107   57.604 (152)
104 San Diego St                   4    8  280  366   63.009   66.263 ( 70)
105 Mount Union                   14    1  679  145   62.804   49.510 (303)
106 Colorado St                    3    9  260  358   62.764   66.933 ( 60)
107 Sioux Falls                   15    0  775  158   62.739   44.854 (444)
108 Central Washington            12    1  354  155   62.445   53.846 (191)
109 Grand Valley St               13    2  538  266   62.269   54.332 (182)
110 Buffalo                        5    7  289  285   62.210   63.094 (104)
111 Vanderbilt                     2   10  196  280   62.152   68.853 ( 23)
112 Eastern Washington             8    4  404  329   62.105   59.291 (135)
113 Weber St                       7    5  338  260   62.014   60.135 (129)
114 South Dakota St                8    4  333  209   61.790   57.477 (153)
115 Louisiana-Monroe               6    6  307  328   61.745   62.421 (112)
116 Delaware                       6    5  282  237   61.507   60.511 (125)
117 UTEP                           4    8  358  402   61.493   64.184 ( 98)
118 James Madison                  6    5  242  208   61.477   60.315 (127)
119 Florida Atlantic               5    7  329  405   61.239   63.007 (107)
120 Louisiana-Lafayette            6    6  266  364   61.096   62.262 (113)
121 Toledo                         5    7  356  452   60.904   63.044 (106)
122 Kent St                        5    7  231  269   60.856   61.803 (118)
123 Northern Iowa                  7    4  367  145   60.710   55.990 (165)
124 Montana St                     7    4  257  244   60.649   58.780 (143)
125 Stephen F. Austin             10    3  453  297   60.534   54.453 (180)
126 Washington St                  1   11  144  462   60.449   69.846 (  9)
127 Minnesota-Duluth              11    2  498  163   60.261   50.641 (262)
128 Western Michigan               5    7  296  330   60.096   61.593 (121)
129 Northern Arizona               5    6  327  327   60.065   61.119 (122)
130 Jacksonville St                8    3  385  188   60.015   55.484 (168)
131 Army                           5    7  184  263   59.923   62.140 (115)
132 Memphis                        2   10  262  418   59.830   65.452 ( 84)
133 South Carolina St             10    2  365  187   59.802   52.170 (226)
134 Furman                         6    5  340  346   59.501   59.004 (139)
135 San José St                    2   10  165  414   59.459   66.722 ( 67)
136 Tulane                         3    9  193  440   59.316   65.277 ( 87)
137 Pennsylvania                   8    2  214   95   59.285   53.612 (193)
138 Arkansas St                    4    8  272  279   59.266   61.597 (120)
139 Rice                           2   10  219  517   59.214   66.061 ( 76)
140 McNeese St                     9    3  420  327   59.189   54.452 (181)
141 UC-Davis                       6    5  272  300   59.102   59.109 (138)
142 Massachusetts                  5    6  295  244   59.039   58.980 (140)
143 North Alabama                 11    2  513  223   58.791   51.569 (241)
144 Florida Int'l                  3    9  275  424   58.684   64.920 ( 91)
145 Akron                          3    9  231  345   58.651   63.268 (103)
146 New Mexico                     1   11  196  431   58.596   67.393 ( 52)
147 Amherst                        8    0  162   83   58.551   49.743 (288)
148 Hillsdale                     10    3  461  302   58.504   52.778 (216)
149 Wesley                        13    1  473  158   58.456   46.221 (397)
150 Maine                          5    6  243  249   58.413   58.897 (142)
151 Liberty                        8    3  400  210   58.402   53.393 (195)
152 Southern Utah                  5    6  366  340   58.105   57.886 (150)
153 New Mexico St                  3   10  149  411   58.094   64.900 ( 92)
154 Sacramento St                  5    6  274  371   57.953   59.423 (134)
155 Texas St-San Marcos            7    4  351  317   57.756   56.579 (160)
156 Chattanooga                    6    5  236  283   57.658   58.466 (146)
157 Saginaw Valley St              9    3  342  252   57.475   52.960 (208)
158 Washburn                       8    3  449  236   57.474   52.030 (233)
159 Hofstra                        5    6  232  252   57.471   58.157 (147)
160 Cal Poly SLO                   4    7  258  303   57.457   59.741 (132)
161 Miami OH                       1   11  187  410   57.412   66.196 ( 73)
162 Minn St-Mankato               10    2  458  233   57.383   50.288 (271)
163 Georgia Southern               5    6  205  303   57.363   59.212 (137)
164 Ball St                        2   10  230  338   57.325   62.861 (110)
165 Carson-Newman                 11    3  537  324   57.175   52.527 (221)
166 North Dakota                   6    5  250  307   57.175   57.316 (154)
167 Missouri Western               9    3  451  309   57.130   52.295 (225)
168 Holy Cross                     9    3  386  279   57.114   52.790 (215)
169 Prairie View A&M               9    1  294  166   57.095   49.912 (281)
170 Lafayette                      8    3  315  231   56.965   52.800 (214)
171 Midwestern St                  9    3  419  163   56.929   49.943 (279)
172 Abilene Christian              9    4  376  256   56.852   52.391 (224)
173 Samford                        5    6  217  192   56.832   56.718 (158)
174 South Dakota                   5    5  325  272   56.798   55.776 (166)
175 North Texas                    2   10  319  427   56.731   62.713 (111)
176 Illinois St                    6    5  255  280   56.641   56.046 (164)
177 California PA                 11    4  534  341   56.625   52.102 (228)
178 Eastern Illinois               8    4  282  255   56.608   54.487 (178)
179 Tarleton St                   10    3  406  272   56.503   50.684 (258)
180 Central Missouri               8    3  354  258   56.466   52.517 (222)
181 Nebraska-Kearney              11    2  470  235   56.365   48.229 (341)
182 Lindenwood                    13    1  744  285   56.346   43.973 (477)
183 Wittenberg                    12    1  477  115   56.298   42.129 (572)
184 Missouri St                    6    5  217  246   56.292   56.183 (162)
185 Harvard                        7    3  252  172   56.212   53.004 (206)
186 Northern Michigan              6    4  316  161   56.206   52.821 (213)
187 Youngstown St                  6    5  232  243   56.201   56.687 (159)
188 Colgate                        9    2  342  246   56.128   50.647 (261)
189 Findlay                        7    4  277  207   56.081   52.688 (219)
190 Delaware Valley               10    2  368  173   56.035   48.893 (323)
191 Linfield                      12    1  518  303   55.698   46.327 (391)
192 Northwood                      7    3  276  213   55.620   52.062 (230)
193 TAMU-Kingsville                9    3  407  331   55.550   50.930 (253)
194 Arkansas Tech                  9    3  489  309   55.483   50.522 (268)
195 SE Louisiana St                6    5  344  337   55.416   55.157 (171)
196 Wofford                        3    8  256  368   55.399   60.146 (128)
197 Nebraska-Omaha                 7    5  387  298   55.380   52.840 (212)
198 St Xavier                     13    1  643  263   55.343   42.744 (545)
199 The Citadel                    4    7  251  286   55.191   57.668 (151)
200 Bemidji St                     8    3  368  225   55.181   48.899 (322)
201 West Texas A&M                 7    5  382  307   55.136   52.875 (210)
202 Central Arkansas               5    7  315  205   55.053   54.470 (179)
203 Williams                       6    2  239  119   54.952   49.594 (298)
204 Wayne St NE                    8    3  358  248   54.916   50.608 (263)
205 Stony Brook                    6    5  267  256   54.910   54.217 (184)
206 Northern Colorado              3    8  202  288   54.757   58.718 (144)
207 St Thomas                     11    2  506  203   54.741   45.842 (413)
208 Albright                      11    2  410  290   54.682   47.722 (352)
209 Western Oregon                 5    5  192  204   54.668   54.959 (173)
210 St John's MN                  10    1  315  176   54.656   47.554 (359)
211 West Liberty St               11    2  615  424   54.639   48.868 (324)
212 Bloomsburg                     8    3  251  147   54.608   49.642 (294)
213 Shippensburg                   9    3  393  272   54.498   49.247 (311)
214 Morningside                   10    2  541  204   54.480   43.722 (489)
215 Brown                          6    4  241  197   54.437   52.883 (209)
216 Wayne St MI                    6    5  322  320   54.255   53.082 (201)
217 Northeastern                   3    8  172  373   54.203   60.068 (130)
218 Florida A&M                    8    3  308  233   54.163   51.307 (245)
219 Grambling St                   7    4  368  293   54.149   51.739 (237)
220 Ashland                        6    5  299  287   54.095   52.983 (207)
221 Lambuth                       12    1  495  231   54.094   45.368 (425)
222 UNC-Pembroke                   9    2  369  166   54.069   45.633 (417)
223 Augustana SD                   8    4  362  266   54.013   50.103 (274)
224 St Cloud St                    7    4  366  243   53.986   49.885 (283)
225 Ohio Northern                  8    2  357  193   53.967   47.845 (348)
226 Winona St                      7    4  367  270   53.919   50.491 (269)
227 Illinois Wesleyan             10    2  350  199   53.763   46.386 (389)
228 Trinity CT                     6    2  216  154   53.730   49.651 (292)
229 Carroll MT                    13    1  499  226   53.697   44.384 (457)
230 North Central                  8    2  490  186   53.662   45.220 (432)
231 Tennessee Tech                 6    5  267  286   53.660   54.180 (188)
232 West Chester                   7    4  373  190   53.638   49.254 (310)
233 Gardner-Webb                   6    5  305  277   53.635   52.501 (223)
234 Eastern Kentucky               5    6  222  240   53.462   54.938 (174)
235 Albany NY                      7    4  292  213   53.457   50.779 (255)
236 West Alabama                   8    5  415  365   53.408   51.559 (242)
237 Charleston Southern            6    5  268  323   53.369   54.288 (183)
238 Fort Hays St                   6    5  365  402   53.365   52.872 (211)
239 Portland St                    2    9  232  372   53.214   59.494 (133)
240 Central Conn St                9    3  300  268   53.210   50.591 (265)
241 Western Kentucky               0   12  245  475   53.158   63.082 (105)
242 Eastern Michigan               0   12  197  459   53.155   63.579 (102)
243 Edinboro                       9    4  401  366   53.123   50.278 (272)
244 Sam Houston St                 5    6  301  371   53.083   54.200 (186)
245 Angelo St                      6    5  317  281   52.879   50.735 (257)
246 North Dakota St                3    8  321  315   52.869   56.087 (163)
247 Johns Hopkins                 10    3  388  214   52.864   47.452 (361)
248 Central IA                    10    1  412  204   52.790   44.005 (475)
249 Western Carolina               2    9  155  285   52.759   58.088 (148)
250 Humboldt St                    5    5  276  220   52.737   51.838 (235)
251 Delta St                       5    5  271  215   52.704   52.120 (227)
252 Pittsburg St                   5    6  323  306   52.701   53.138 (200)
253 Middlebury                     5    3  239  170   52.661   50.019 (275)
254 UW-Stout                       8    2  262  161   52.554   46.652 (384)
255 Norfolk St                     7    4  293  211   52.546   50.592 (264)
256 Charleston WV                  9    2  432  230   52.515   46.302 (392)
257 Dixie St                       4    7  220  307   52.431   55.295 (169)
258 Valdosta St                    6    4  312  224   52.403   49.093 (315)
259 Thomas More                   11    1  375  199   52.385   44.025 (472)
260 East Stroudsburg               8    4  352  267   52.232   49.132 (313)
261 Wingate                        7    3  336  279   52.216   49.392 (307)
262 Butler                        11    1  332  229   52.153   45.206 (434)
263 Coastal Carolina               5    6  205  280   52.077   54.183 (187)
264 Dayton                         9    2  274  150   52.016   45.994 (406)
265 Clarion                        8    3  315  239   52.008   47.579 (356)
266 Idaho St                       1   10  142  424   51.995   61.780 (119)
267 Newberry                       6    4  280  224   51.944   50.018 (277)
268 Mary Hardin-Baylor            10    2  462  192   51.940   43.064 (524)
269 Hampden-Sydney                10    1  384  193   51.939   43.706 (492)
270 Alabama A&M                    7    5  269  260   51.924   50.333 (270)
271 Nicholls St                    3    8  216  427   51.908   57.067 (157)
272 Texas Southern                 6    5  277  302   51.903   51.109 (248)
273 UW-Stevens Point               7    3  252  215   51.887   49.833 (284)
274 Lebanon Valley                 9    2  349  225   51.788   46.161 (399)
275 Coe                           10    2  347  204   51.759   45.476 (422)
276 Columbia                       4    6  225  220   51.718   53.010 (204)
277 Colorado Mines                 8    3  364  229   51.626   46.775 (377)
278 Lehigh                         4    7  230  234   51.600   53.691 (192)
279 Tennessee-Martin               5    6  300  323   51.585   51.476 (243)
280 Drake                          8    3  289  188   51.533   47.119 (371)
281 Towson                         2    9  148  402   51.354   60.562 (124)
282 Wabash                         9    2  427  162   51.294   41.659 (587)
283 Ouachita Baptist               6    4  306  208   51.270   47.817 (350)
284 Bethel MN                      7    3  285  142   51.240   46.648 (385)
285 Wheaton                        7    3  313  168   51.158   46.124 (400)
286 Fordham                        5    6  314  287   51.067   50.945 (252)
287 MidAmerica Nazarene           10    2  503  263   50.948   42.802 (541)
288 Yale                           4    6  173  166   50.933   51.870 (234)
289 Mars Hill                      6    4  253  281   50.865   49.413 (304)
290 Missouri Southern              3    7  241  326   50.853   54.072 (190)
291 Arkansas-Monticello            5    6  235  302   50.832   51.738 (238)
292 Austin Peay                    4    7  242  318   50.796   53.223 (198)
293 Wash & Jeff                    9    2  345  152   50.786   42.916 (535)
294 Kean                           9    2  304  147   50.772   43.935 (481)
295 Otterbein                      8    2  290  260   50.742   46.707 (379)
296 Rhode Island                   1   10  232  406   50.663   59.779 (131)
297 Harding                        5    6  234  339   50.645   52.050 (232)
298 Princeton                      4    6  129  265   50.611   53.288 (197)
299 Ohio Dominican                 7    3  347  242   50.603   46.839 (374)
300 Morgan St                      6    5  175  233   50.577   50.552 (266)
301 Old Dominion                   9    2  385  253   50.563   44.882 (442)
302 Gannon                         6    5  271  282   50.438   48.922 (319)
303 Willamette                     8    2  382  159   50.436   42.515 (557)
304 Glenville St                   7    4  297  280   50.427   48.735 (332)
305 Cal Lutheran                   8    2  341  158   50.408   43.782 (484)
306 UW-Eau Claire                  6    4  316  322   50.374   49.801 (285)
307 Capital                        7    3  338  246   50.369   47.178 (370)
308 Augustana IL                   6    4  270  167   50.331   47.262 (369)
309 Southern U.                    6    5  335  257   50.309   49.205 (312)
310 Ottawa                        11    1  528  302   50.056   40.376 (625)
311 Tuskegee                      10    2  320  191   50.033   44.165 (468)
312 Shepherd                       6    4  313  220   50.018   47.900 (347)
313 C.W. Post                      6    5  320  224   49.931   47.972 (344)
314 Walsh                          8    3  358  207   49.912   43.372 (508)
315 Delaware St                    4    6  178  262   49.875   52.608 (220)
316 Bentley                        8    2  236  163   49.845   45.358 (427)
317 Cumberlands KY                 9    2  355  191   49.829   43.961 (479)
318 Jacksonville FL                7    4  351  233   49.822   46.348 (390)
319 Montclair St                  10    2  295  234   49.624   44.018 (474)
320 Indianapolis                   4    7  199  234   49.575   51.829 (236)
321 Henderson St                   3    7  312  313   49.556   52.066 (229)
322 Chadron St                     7    4  326  200   49.520   46.028 (405)
323 Dickinson                      8    2  320  219   49.519   44.362 (458)
324 SW Baptist                     6    5  373  326   49.484   48.957 (316)
325 Lake Erie                      7    4  319  273   49.483   45.986 (407)
326 Monmouth IL                   10    1  498  137   49.464   35.911 (673)
327 Missouri Valley                8    3  377  176   49.443   42.674 (549)
328 Slippery Rock                  6    5  277  294   49.380   48.769 (329)
329 Tennessee St                   4    7  161  208   49.317   51.379 (244)
330 Dartmouth                      2    8  161  282   49.308   54.762 (177)
331 Franklin & Marshall            9    2  334  252   49.305   43.772 (485)
332 Bryant                         5    6  191  190   49.232   49.572 (300)
333 SE Oklahoma St                 7    4  345  325   49.226   47.274 (367)
334 Fayetteville St                8    4  345  230   49.193   44.980 (436)
335 VMI                            2    9  225  338   49.177   55.065 (172)
336 Monmouth NJ                    5    6  226  238   49.129   49.714 (289)
337 North Carolina Wesleyan        8    3  388  311   49.109   45.662 (415)
338 Colby                          4    4  159  194   49.058   49.651 (293)
339 Albany St GA                   8    3  320  163   49.000   43.973 (476)
340 Western Illinois               1   10  154  304   48.894   57.269 (155)
341 SW Minnesota St                5    6  396  281   48.858   48.138 (342)
342 Hampton                        5    6  215  213   48.830   49.511 (302)
343 Robert Morris                  5    6  214  193   48.800   48.859 (325)
344 Southern Conn St               6    4  343  202   48.772   46.281 (394)
345 Shaw                           8    2  421  177   48.761   41.558 (592)
346 Lenoir-Rhyne                   5    6  293  241   48.715   48.799 (327)
347 Indiana PA                     5    6  253  235   48.712   48.794 (328)
348 Michigan Tech                  2    8  224  322   48.590   53.566 (194)
349 Carthage                       7    3  370  344   48.513   45.360 (426)
350 McKendree                      9    2  369  166   48.478   40.615 (618)
351 Mississippi College            9    3  446  379   48.450   44.320 (463)
352 St John Fisher                 7    3  346  235   48.417   44.938 (438)
353 Brevard                        7    4  243  240   48.314   45.231 (431)
354 Bowdoin                        3    5  231  223   48.300   49.594 (298)
355 UW-La Crosse                   5    5  299  281   48.288   48.839 (326)
356 Wagner                         6    5  338  342   48.264   47.304 (365)
357 Mercyhurst                     4    7  214  254   48.240   49.684 (291)
358 Huntingdon AL                  8    2  408  258   48.222   42.765 (543)
359 Alcorn St                      3    6  174  290   48.204   53.005 (205)
360 TAMU-Commerce                  5    5  245  285   48.202   48.264 (340)
361 UW-Oshkosh                     4    6  262  276   48.178   49.914 (280)
362 Murray St                      3    8  200  345   48.139   53.046 (203)
363 Merrimack                      7    3  349  278   48.081   44.256 (466)
364 Cornell NY                     2    8  171  268   48.071   52.755 (217)
365 Concord                        6    5  365  343   48.061   46.729 (378)
366 Colorado St-Pueblo             7    4  316  214   48.025   45.254 (429)
367 Rowan                          7    3  389  122   47.988   42.743 (546)
368 Arkansas-Pine Bluff            5    5  226  246   47.948   47.572 (357)
369 Alfred                         8    2  370  233   47.944   40.911 (612)
370 Catawba                        4    6  238  214   47.943   47.950 (345)
371 SE Missouri St                 2    9  240  299   47.878   54.857 (175)
372 Ursinus                        6    5  279  250   47.858   46.834 (375)
373 Bucknell                       4    7  162  260   47.847   51.185 (247)
374 Marist                         7    4  229  188   47.833   45.469 (423)
375 Occidental                     7    2  249  180   47.819   43.180 (520)
376 Mary                           5    6  251  284   47.813   48.932 (318)
377 Southern Arkansas              3    7  159  273   47.761   51.574 (240)
378 Eastern New Mexico             3    8  374  413   47.634   50.656 (260)
379 Case Western Reserve          10    1  466  207   47.633   38.368 (651)
380 North Carolina A&T             4    6  166  208   47.563   49.616 (296)
381 Northwestern St                0   11  158  401   47.523   58.037 (149)
382 Millsaps                       7    3  350  218   47.522   42.851 (540)
383 St Francis IN                  7    3  371  157   47.424   40.403 (624)
384 San Diego                      4    7  241  239   47.420   48.767 (330)
385 Wilkes                         6    5  207  231   47.384   47.338 (363)
386 Hastings                       9    3  319  235   47.203   42.231 (569)
387 Wesleyan                       3    5  135  187   47.188   50.019 (275)
388 Emporia St                     2    9  233  379   47.168   53.185 (199)
389 Trine                         10    2  415  262   47.147   41.178 (606)
390 Tusculum                       3    7  294  392   47.130   50.275 (273)
391 Mt St Joseph                   9    2  353  257   47.124   41.193 (605)
392 St Olaf                        5    5  210  147   47.102   46.687 (381)
393 Truman St                      2    9  190  371   47.096   53.331 (196)
394 Bethune-Cookman                5    6  174  244   47.000   48.563 (335)
395 Campbellsville                 7    4  260  270   46.997   45.897 (410)
396 Concordia-Moorhead             5    5  241  234   46.990   46.897 (372)
397 Redlands                       7    2  326  186   46.880   41.675 (585)
398 Bowie St                       6    5  292  211   46.860   44.814 (447)
399 Baker                          7    3  299  189   46.857   41.752 (582)
400 Assumption                     6    4  309  229   46.835   43.712 (491)
401 Millikin                       6    4  254  284   46.792   45.044 (435)
402 Central Oklahoma               4    7  287  368   46.778   49.276 (309)
403 Southern Oregon                2    7  125  242   46.729   52.060 (231)
404 American Int'l                 5    5  242  213   46.722   46.493 (387)
405 Urbana                         6    5  243  268   46.716   46.079 (402)
406 Mesa St                        5    6  240  226   46.714   48.016 (343)
407 Jackson St                     3    7  139  189   46.643   50.858 (254)
408 Emory & Henry                  7    3  218  181   46.638   43.704 (493)
409 Fort Valley St                 7    4  326  232   46.600   42.959 (534)
410 McPherson                      9    2  486  229   46.506   37.830 (658)
411 Azusa Pacific                  3    8  226  298   46.428   50.543 (267)
412 Springfield                    8    2  395  211   46.424   38.790 (644)
413 Tufts                          2    6   94  149   46.418   50.993 (250)
414 Elizabeth City St              7    4  357  274   46.347   44.080 (471)
415 DePauw                         7    3  316  237   46.336   42.410 (561)
416 Concordia-St Paul              3    8  250  405   46.251   51.036 (249)
417 Eastern Oregon                 7    4  412  339   46.240   44.178 (467)
418 Cortland St                    7    4  282  206   46.187   43.490 (502)
419 Stonehill                      5    5  237  282   46.143   46.619 (386)
420 Minot St                       8    3  325  246   46.131   41.267 (601)
421 Bridgewater VA                 7    3  297  255   46.094   43.420 (505)
422 Ithaca                         7    3  275  212   45.994   42.598 (554)
423 Kutztown                       3    8  256  305   45.943   48.760 (331)
424 Allegheny                      8    2  223  203   45.919   41.306 (598)
425 Adams St                       5    6  264  310   45.902   46.780 (376)
426 Benedict                       8    3  285  254   45.835   42.992 (530)
427 Louisiana College              7    3  388  259   45.834   40.560 (620)
428 Wartburg                       6    4  303  236   45.760   43.619 (498)
429 Georgetown KY                  7    4  297  201   45.743   43.181 (519)
430 Salisbury                      5    6  294  281   45.706   46.029 (404)
431 Morehouse                      7    3  269  224   45.705   42.266 (568)
432 Duquesne                       3    8  202  296   45.671   49.392 (306)
433 UW-Platteville                 3    7  195  281   45.654   49.595 (297)
434 Hamilton                       2    6   91  203   45.639   50.993 (250)
435 Averett                        7    3  263  244   45.613   43.038 (526)
436 Virginia Union                 6    4  252  168   45.599   43.376 (507)
437 UW-River Falls                 3    7  267  325   45.575   49.107 (314)
438 Presbyterian                   0   11  214  441   45.476   55.262 (170)
439 Davidson                       3    7  124  235   45.408   49.634 (295)
440 St Norbert                     9    1  378  176   45.378   35.067 (689)
441 Geneva                         8    3  364  266   45.314   41.647 (588)
442 Lycoming                       4    6  201  237   45.249   47.482 (360)
443 Gustavus Adolphus              4    6  207  288   45.246   47.815 (351)
444 Centre                         7    2  214  162   45.216   41.058 (607)
445 Sacred Heart                   2    8  204  295   45.208   49.695 (290)
446 New Haven                      5    5  264  319   45.171   45.652 (416)
447 Randolph-Macon                 6    4  225  195   45.143   43.475 (504)
448 Gettysburg                     3    7  342  302   45.085   46.443 (388)
449 West Georgia                   1    9  128  406   45.055   53.076 (202)
450 Belhaven                       6    5  243  285   45.047   44.478 (455)
451 Shorter                        6    5  366  271   45.023   43.588 (500)
452 Fairmont St                    3    8  215  306   44.942   48.934 (317)
453 Christopher Newport            5    5  189  205   44.884   45.531 (421)
454 North Carolina Central         4    7  282  301   44.876   48.541 (336)
455 Heidelberg                     4    6  270  328   44.860   47.565 (358)
456 Montana Tech                   7    4  231  224   44.856   43.602 (499)
457 John Carroll                   3    7  212  271   44.812   48.632 (334)
458 Virginia St                    6    4  198  173   44.790   42.387 (562)
459 Bethel TN                      5    6  277  203   44.759   44.826 (446)
460 Cumberland TN                  5    6  209  207   44.623   45.217 (433)
461 Trinity TX                     7    3  296  212   44.575   40.857 (614)
462 Friends                        8    2  367  184   44.537   36.715 (665)
463 Franklin                       7    3  313  267   44.515   40.942 (610)
464 Taylor                         7    3  307  273   44.509   40.451 (623)
465 Millersville                   3    8  211  425   44.483   49.531 (301)
466 Susquehanna                    8    3  261  239   44.354   41.251 (602)
467 St Augustine's                 4    6  240  263   44.343   44.731 (449)
468 Muskingum                      4    6  201  273   44.339   47.416 (362)
469 Indiana St                     1   10   99  390   44.286   56.264 (161)
470 Baldwin-Wallace                3    7  246  311   44.263   47.900 (346)
471 Hardin-Simmons                 6    4  257  237   44.247   42.992 (529)
472 St Francis PA                  2    9  172  281   44.243   50.747 (256)
473 Grand View                     8    3  271  218   44.130   40.028 (629)
474 Union NY                       8    3  260  203   44.093   40.981 (609)
475 Greensboro                     6    4  207  211   44.090   43.244 (512)
476 Augsburg                       4    6  209  292   44.080   46.079 (403)
477 Northwestern IA                7    3  259  203   44.021   41.671 (586)
478 Northeastern St OK             2    9  221  373   44.009   49.781 (286)
479 Hamline                        4    6  243  280   43.988   44.784 (448)
480 Union KY                       4    6  301  257   43.950   44.352 (459)
481 St Joseph's IN                 5    6  267  284   43.931   44.615 (454)
482 William Paterson               5    5  203  156   43.844   42.999 (528)
483 Benedictine KS                 6    5  331  254   43.795   41.871 (579)
484 WV Wesleyan                    2    8  222  352   43.760   48.902 (321)
485 Hobart                         6    3  204  143   43.754   40.929 (611)
486 Missouri S&T                   4    7  233  374   43.749   46.684 (382)
487 Ferris St                      1   10  122  402   43.709   54.073 (189)
488 Marian IN                      6    5  255  249   43.689   42.064 (574)
489 Elmhurst                       4    6  232  248   43.682   44.884 (441)
490 King's PA                      3    7  213  300   43.667   47.337 (364)
491 Grove City                     5    5  301  289   43.603   43.713 (490)
492 Upper Iowa                     3    8  335  447   43.525   47.663 (353)
493 Kentucky St                    6    5  228  235   43.522   42.581 (555)
494 Bates                          1    7  135  219   43.503   49.743 (287)
495 Adrian                         6    4  274  162   43.399   40.224 (627)
496 Dickinson St                   7    4  229  214   43.340   41.240 (604)
497 Ferrum                         5    5  265  264   43.333   42.968 (533)
498 Winston-Salem St               1   10  138  244   43.314   50.665 (259)
499 Wooster                        5    5  313  255   43.273   42.659 (551)
500 Waynesburg                     5    5  355  317   43.120   42.778 (542)
501 Northern St SD                 2    9  205  373   43.023   49.899 (282)
502 Howard                         2    9  113  323   42.980   51.293 (246)
503 NW Oklahoma St                 7    3  397  235   42.875   38.234 (655)
504 William Penn                   7    5  345  248   42.862   39.804 (631)
505 North Greenville               2    8  101  287   42.711   49.950 (278)
506 Alabama St                     4    7  183  225   42.694   45.764 (414)
507 Muhlenberg                     3    7  122  158   42.665   45.460 (424)
508 Greenville                     7    3  252  255   42.620   39.620 (634)
509 St Paul's                      4    5  103  173   42.615   44.337 (461)
510 McDaniel                       5    5  211  269   42.581   43.312 (509)
511 Central Methodist              6    5  246  309   42.462   42.435 (560)
512 Western St CO                  3    8  202  333   42.405   48.498 (338)
513 Widener                        3    7  212  263   42.379   46.169 (398)
514 Maryville                      4    6  196  246   42.352   43.949 (480)
515 Luther                         5    5  175  202   42.336   43.203 (517)
516 Montana-Western                4    6  221  273   42.333   44.704 (451)
517 Virginia-Wise                  5    6  286  305   42.290   42.659 (552)
518 Dubuque                        5    5  272  280   42.217   41.781 (580)
519 West Virginia St               3    7  152  315   42.206   46.689 (380)
520 Whitworth                      5    5  224  231   42.201   42.134 (570)
521 St Ambrose                     6    4  301  147   42.150   37.694 (660)
522 Tiffin                         0   11  153  440   42.131   54.216 (185)
523 Campbell                       3    8  214  315   42.027   46.266 (395)
524 Black Hills St                 6    4  236  194   42.018   38.895 (642)
525 Carleton                       3    7  213  289   41.997   45.239 (430)
526 Mississippi Valley St          3    8  146  295   41.970   46.860 (373)
527 Marietta                       3    7  131  303   41.931   47.636 (354)
528 Midland Lutheran               6    5  232  259   41.861   42.552 (556)
529 Buena Vista                    4    6  182  198   41.804   43.635 (497)
530 Westminster PA                 4    6  253  326   41.756   43.858 (483)
531 Hope                           3    7  265  266   41.717   44.025 (473)
532 Washington and Lee             3    7  238  234   41.698   43.726 (488)
533 Carnegie Mellon                5    5  226  225   41.664   41.643 (589)
534 Miles                          4    7  180  249   41.639   44.703 (452)
535 Pacific Lutheran               3    6  242  294   41.597   44.276 (464)
536 Claremont-Mudd-Scripps         5    4  173  187   41.589   40.674 (616)
537 Morehead St                    3    8  192  238   41.424   44.944 (437)
538 Stillman                       4    6  233  266   41.390   43.005 (527)
539 Ripon                          7    3  283  177   41.245   35.722 (677)
540 Rose-Hulman                    6    4  365  232   41.222   38.293 (653)
541 Pace                           1    9  185  304   41.138   47.289 (366)
542 Rochester                      4    6  228  265   41.099   42.382 (563)
543 Langston                       7    4  291  247   41.097   38.344 (652)
544 Seton Hill                     1   10  287  442   41.090   47.834 (349)
545 Birmingham-Southern            4    6  278  307   41.061   42.325 (566)
546 Brockport St                   4    6  367  395   41.033   42.639 (553)
547 Nebraska Wesleyan              5    5  220  184   40.968   41.248 (603)
548 Chapman                        4    5  139  190   40.949   42.443 (559)
549 St Anselm                      2    8  213  341   40.933   45.565 (419)
550 New Jersey                     4    6  309  320   40.879   42.973 (532)
551 Clark Atlanta                  2    7  177  213   40.700   44.407 (456)
552 Wilmington                     1    9  152  309   40.665   48.521 (337)
553 Incarnate Word                 4    5  249  272   40.646   42.896 (537)
554 Rocky Mountain                 2    9  331  367   40.629   44.890 (440)
555 Chicago                        5    4  242  252   40.625   39.800 (632)
556 Lakeland                       6    5  272  282   40.529   39.021 (639)
557 Georgetown DC                  0   11  106  309   40.496   52.737 (218)
558 FDU-Florham                    2    8  233  348   40.445   45.976 (408)
559 Washington U.                  4    6  194  253   40.336   43.178 (521)
560 Austin                         4    5  244  254   40.270   40.708 (615)
561 Briar Cliff                    4    7  212  236   40.257   43.054 (525)
562 Chowan                         2    8  253  352   40.250   44.877 (443)
563 Menlo                          4    6  139  247   40.238   43.762 (486)
564 Methodist                      3    7  202  325   40.157   43.671 (495)
565 Albion                         4    6  187  207   40.072   42.026 (576)
566 McMurry                        4    6  251  324   40.017   42.110 (573)
567 Peru St                        7    4  256  189   40.008   36.362 (668)
568 Jamestown                      5    5  282  244   40.000   39.459 (636)
569 Pikeville                      3    8  137  315   39.864   44.852 (445)
570 LaGrange                       5    5  235  267   39.757   40.200 (628)
571 Defiance                       4    6  197  221   39.746   40.551 (621)
572 Sterling                       6    4  203  173   39.741   38.280 (654)
573 Quincy                         4    7  196  349   39.737   42.670 (550)
574 Pomona-Pitzer                  4    5  205  247   39.693   40.885 (613)
575 Dakota Wesleyan                4    6  245  321   39.678   43.066 (523)
576 Simpson                        3    7  238  349   39.675   44.144 (469)
577 RPI                            5    4  165  145   39.646   38.780 (645)
578 Hartwick                       5    5  271  285   39.589   38.977 (641)
579 Guilford                       3    7  178  216   39.545   42.894 (538)
580 Thiel                          3    7  201  297   39.543   43.201 (518)
581 Loras                          2    8  200  293   39.456   44.929 (439)
582 Minn St-Moorhead               2    9  132  439   39.391   48.906 (320)
583 Manchester                     5    5  224  222   39.359   38.979 (640)
584 Moravian                       2    8   66  219   39.277   46.265 (396)
585 East Texas Baptist             3    7  199  290   39.256   43.218 (516)
586 Curry                          8    3  290  177   39.183   33.516 (694)
587 Shenandoah                     1    9  191  214   39.114   43.670 (496)
588 Bethany WV                     3    7  212  356   39.057   43.682 (494)
589 Whittier                       3    6  184  252   39.023   42.035 (575)
590 Western New Mexico             2    8  295  460   39.017   45.290 (428)
591 Alma                           5    5  242  294   38.666   38.859 (643)
592 Fort Lewis                     2    9  189  413   38.486   46.282 (393)
593 St Francis IL                  3    8  306  286   38.397   41.028 (608)
594 Doane                          4    7  220  375   38.206   42.454 (558)
595 Malone                         4    6  319  300   38.203   38.613 (646)
596 Montana St-Northern            1    9  177  340   38.098   45.551 (420)
597 Hanover                        3    7  282  325   38.074   41.279 (599)
598 Lock Haven                     0   10   55  370   37.797   51.659 (239)
599 Webber Int'l                   4    6  206  241   37.678   41.376 (595)
600 Western Conn St                2    8  200  393   37.661   44.719 (450)
601 South Dakota Tech              5    5  323  234   37.630   35.339 (681)
602 Concordia NE                   3    7  130  290   37.596   43.066 (522)
603 Howard Payne                   4    6  279  315   37.533   39.799 (633)
604 Avila                          4    7  135  350   37.524   42.278 (567)
605 Maine Maritime                 9    2  450  332   37.493   32.251 (704)
606 Concordia AL                   3    5  211  194   37.491   39.028 (638)
607 Lincoln PA                     3    7  160  319   37.453   41.732 (583)
608 Concordia IL                   8    2  331  192   37.446   31.106 (709)
609 Evangel                        3    7  149  285   37.443   42.693 (548)
610 Benedictine IL                 6    4  191  204   37.316   35.164 (685)
611 SW Oklahoma St                 1   10  141  398   37.270   47.272 (368)
612 Kentucky Wesleyan              2    9  166  367   37.264   43.968 (478)
613 Frostburg St                   1    9  197  350   37.262   45.863 (411)
614 St Lawrence                    3    7  150  247   37.251   41.272 (600)
615 New Mexico Highlands           1   10  167  514   37.250   48.406 (339)
616 West Virginia Tech             3    8  208  359   37.225   42.371 (564)
617 Southern Nazarene              6    5  321  360   37.224   37.302 (663)
618 Buffalo St                     2    8  179  395   37.202   44.138 (470)
619 Johnson C. Smith               3    7  187  323   37.047   41.373 (596)
620 East Central OK                0   11  143  369   37.029   49.391 (308)
621 Plymouth St                    8    3  327  229   37.000   32.251 (703)
622 Graceland                      3    7  163  330   36.961   42.741 (547)
623 Valparaiso                     1   10  121  344   36.955   46.654 (383)
624 Kansas Wesleyan                5    5  208  223   36.794   37.490 (662)
625 Cornell IA                     2    8  148  307   36.695   42.753 (544)
626 Juniata                        1    9   68  327   36.631   45.943 (409)
627 Sul Ross St                    2    8  224  320   36.600   41.771 (581)
628 Concordia WI                   5    5  200  227   36.521   35.943 (672)
629 Utica                          4    6  344  274   36.437   35.735 (675)
630 Denison                        3    7  183  302   36.402   41.873 (578)
631 Rhodes                         3    7  207  318   36.372   40.322 (626)
632 Kenyon                         3    7  248  286   36.290   39.490 (635)
633 Ohio Wesleyan                  3    7  164  247   36.208   40.656 (617)
634 Earlham                        5    5  170  279   36.141   38.051 (656)
635 Faulkner                       2    9  136  376   36.085   43.499 (501)
636 Northwestern MN                5    5  296  264   36.073   36.330 (669)
637 Cheyney                        0   11  129  436   35.937   49.406 (305)
638 Catholic                       1    9  165  262   35.929   43.303 (510)
639 Merchant Marine                4    6  196  267   35.886   37.990 (657)
640 Westminster MO                 5    5  345  311   35.793   35.672 (679)
641 Savannah St                    2    8  202  324   35.787   43.226 (515)
642 Central St OH                  1   10  177  390   35.605   43.248 (511)
643 Kentucky Christian             1   10  167  464   35.578   44.661 (453)
644 Kalamazoo                      4    6  288  339   35.490   36.819 (664)
645 Westfield St                   7    3  205  115   35.481   31.574 (707)
646 Valley City St                 3    7  186  262   35.480   38.443 (650)
647 Beloit                         6    4  268  258   35.474   34.181 (691)
648 OK Panhandle St                5    6  337  408   35.425   36.617 (666)
649 Norwich                        8    3  315  155   35.107   29.407 (721)
650 North Park                     1    9  119  437   35.015   46.095 (401)
651 Bethel KS                      3    7  208  242   34.978   38.478 (649)
652 Morrisville St                 1    9  164  434   34.976   43.478 (503)
653 WPI                            3    7  259  228   34.845   36.230 (670)
654 Minnesota-Crookston            1   10  154  476   34.816   47.606 (355)
655 Illinois College               5    5  262  311   34.784   36.230 (671)
656 Wisconsin Lutheran             5    5  248  186   34.767   32.833 (700)
657 Lane                           0   10  122  347   34.621   45.849 (412)
658 Carroll WI                     5    5  179  190   34.514   35.079 (688)
659 St Mary KS                     3    7  248  321   34.482   38.528 (648)
660 Olivet Nazarene                2    9  254  533   34.467   42.015 (577)
661 Lewis & Clark                  2    7  195  348   34.359   41.480 (593)
662 La Verne                       0    9  112  289   34.139   44.333 (462)
663 Bridgewater St MA              7    3  296  169   34.134   29.684 (720)
664 Martin Luther                  7    3  359  221   34.130   29.166 (722)
665 St Vincent                     0   10  167  356   33.990   44.346 (460)
666 Bethany KS                     4    6  219  328   33.904   37.563 (661)
667 Western New England            6    4  240  243   33.424   31.732 (706)
668 Oberlin                        2    8  124  309   33.241   41.394 (594)
669 Sewanee                        0    9   81  290   32.958   43.888 (482)
670 Puget Sound                    0    9  127  283   32.795   45.617 (418)
671 Southwestern KS                3    7  136  342   32.519   38.544 (647)
672 Anderson                       1    9  179  376   32.447   40.491 (622)
673 Texas Lutheran                 0   10  169  400   32.390   42.910 (536)
674 SUNY-Maritime                  6    4  340  189   32.386   29.811 (719)
675 SW Assem of God                3    7  243  308   32.314   35.749 (674)
676 Eureka                         4    6  300  346   32.155   35.188 (684)
677 William Jewell                 1    9   97  334   32.099   43.227 (514)
678 Olivet                         0   10  128  336   31.666   43.758 (487)
679 Southern Virginia              1    8   93  370   31.633   42.133 (571)
680 Coast Guard                    4    5  207  255   31.503   32.465 (702)
681 Dana                           0   11  129  425   31.394   44.274 (465)
682 Endicott                       5    5  237  225   31.302   30.902 (711)
683 Salve Regina                   4    6  246  233   31.156   32.007 (705)
684 Aurora                         4    6  193  238   31.064   33.440 (696)
685 Gallaudet                      6    4  242  165   30.971   28.469 (725)
686 Culver-Stockton                0   10  116  372   30.495   43.388 (506)
687 Husson                         4    5  275  201   30.279   31.367 (708)
688 Mount Ida                      4    7  228  329   30.243   32.711 (701)
689 Iowa Wesleyan                  2    9   88  433   30.241   41.597 (590)
690 Edward Waters                  0   10  117  394   29.799   42.867 (539)
691 Apprentice                     0    9  113  350   29.753   42.351 (565)
692 Framingham St                  5    5  190  233   29.747   30.418 (717)
693 Grinnell                       2    8  208  310   29.730   35.725 (676)
694 Livingstone                    0   10   85  371   29.602   43.243 (513)
695 Dordt                          1   10   85  413   29.530   42.973 (531)
696 Lincoln MO                     0   11   72  343   29.316   41.582 (591)
697 Haskell                        3    7  182  329   29.153   34.105 (692)
698 Crown                          4    6  397  425   29.071   30.530 (715)
699 Tabor                          0   10  200  423   29.020   39.353 (637)
700 Fitchburg St                   4    6  255  313   28.334   30.478 (716)
701 Mass Maritime                  3    7  257  266   28.273   31.022 (710)
702 Lake Forest                    2    8  144  248   28.103   35.325 (682)
703 St Scholastica                 4    6  251  295   28.088   29.013 (723)
704 Bluffton                       0   10  123  370   27.884   40.004 (630)
705 Nichols                        4    6  182  292   27.814   30.591 (714)
706 Macalester                     2    8  175  278   27.654   35.276 (683)
707 Dakota St                      2    7  151  287   27.606   35.440 (680)
708 MacMurray                      1    9  301  443   26.998   33.597 (693)
709 Minnesota-Morris               4    6  212  272   26.977   28.637 (724)
710 Bacone                         1    8  183  436   26.943   36.419 (667)
711 Texas College                  0   11  158  596   26.319   41.731 (584)
712 Lawrence                       2    8  111  347   26.174   35.109 (686)
713 Worcester St                   1    9  140  285   25.837   33.446 (695)
714 Hiram                          0   10  100  421   25.767   40.614 (619)
715 Waldorf                        1    9   99  392   25.697   37.730 (659)
716 Knox                           1    9  108  336   25.422   35.702 (678)
717 MIT                            1    8  158  258   24.007   30.741 (713)
718 Mayville St                    1    9  189  431   23.691   34.941 (690)
719 Castleton St                   3    6  217  384   22.751   27.653 (726)
720 Rockford                       1    9   64  398   21.879   35.109 (687)
721 Trinity Int'l                  0   11   84  452   21.765   41.318 (597)
722 Becker                         0   10  129  520   19.223   33.010 (698)
723 UMass-Dartmouth                0   10   64  315   18.774   33.430 (697)
724 Anna Maria                     0    9  118  450   17.116   30.802 (712)
725 Maranatha Baptist              0   10   64  378   17.074   32.939 (699)
726 Trinity Bible                  0    7   81  384   14.783   29.820 (718)
