Rnk Team                         WON LOST   PF   PA     RATE      SOS
--- ----                         --- ----  ---  ---  -------  -------
  1 Florida                       13    1  416  189   80.799   71.558 ( 10)
  2 Ohio State                    12    1  450  166   80.101   69.507 ( 35)
  3 Southern Cal                  11    2  396  197   79.269   73.026 (  1)
  4 LSU                           11    2  438  164   78.854   71.194 ( 11)
  5 Louisville                    12    1  491  212   78.632   69.760 ( 29)
  6 Michigan                      11    2  380  207   78.427   71.011 ( 13)
  7 Auburn                        11    2  322  181   77.557   70.543 ( 18)
  8 Boise St                      13    0  516  229   77.145   65.689 ( 90)
  9 Wisconsin                     12    1  380  157   76.984   66.883 ( 72)
 10 Arkansas                      10    4  404  256   76.578   70.318 ( 23)
 11 California                    10    3  427  251   76.373   71.674 (  8)
 12 West Virginia                 11    2  505  282   76.194   69.335 ( 39)
 13 Tennessee                      9    4  362  254   75.782   71.956 (  4)
 14 Rutgers                       11    2  387  186   75.728   68.116 ( 56)
 15 Notre Dame                    10    3  403  310   75.255   70.501 ( 19)
 16 Virginia Tech                 10    3  336  143   74.863   68.529 ( 48)
 17 Brigham Young                 11    2  478  191   74.577   66.787 ( 74)
 18 Georgia                        9    4  327  229   74.436   70.375 ( 22)
 19 Oklahoma                      11    3  424  242   74.432   69.152 ( 41)
 20 Oregon St                     10    4  389  311   74.291   70.788 ( 16)
 21 Boston College                10    3  338  204   73.931   68.671 ( 45)
 22 Penn State                     9    4  290  187   73.749   69.708 ( 30)
 23 Wake Forest                   11    3  302  215   73.711   68.711 ( 44)
 24 South Carolina                 8    5  346  243   73.651   71.036 ( 12)
 25 Texas                         10    3  467  238   73.625   68.125 ( 55)
 26 UCLA                           7    6  299  259   73.110   71.884 (  6)
 27 Kentucky                       8    5  347  369   72.716   70.895 ( 14)
 28 Clemson                        8    5  425  210   72.438   68.617 ( 46)
 29 Oregon                         7    6  383  345   72.423   71.685 (  7)
 30 Cincinnati                     8    5  274  255   72.286   69.634 ( 32)
 31 Hawai`i                       11    3  656  337   72.247   65.650 ( 91)
 32 TCU                           11    2  380  160   72.133   65.557 ( 94)
 33 Georgia Tech                   9    5  349  257   72.105   68.502 ( 49)
 34 Arizona                        6    6  199  235   72.105   72.050 (  3)
 35 Nebraska                       9    5  428  256   71.966   68.266 ( 51)
 36 Washington St                  6    6  295  277   71.928   71.580 (  9)
 37 Arizona St                     7    6  348  326   71.786   70.778 ( 17)
 38 South Florida                  9    4  299  220   71.549   67.894 ( 59)
 39 Maryland                       9    4  284  284   71.482   68.260 ( 52)
 40 Texas A&M                      9    4  362  267   71.426   67.616 ( 64)
 41 Florida St                     7    6  345  258   70.659   69.626 ( 33)
 42 Missouri                       8    5  391  254   70.456   66.910 ( 71)
 43 Washington                     5    7  262  311   70.413   71.903 (  5)
 44 Alabama                        6    7  298  250   70.368   69.995 ( 27)
 45 Navy                           9    4  367  261   70.052   66.305 ( 80)
 46 Pittsburgh                     6    6  381  274   69.917   68.808 ( 43)
 47 Minnesota                      6    7  376  338   69.895   70.253 ( 24)
 48 Oklahoma St                    7    6  458  333   69.498   67.676 ( 62)
 49 Texas Tech                     8    5  422  326   69.480   67.162 ( 69)
 50 Houston                       10    4  462  329   69.287   65.141 ( 98)
 51 Miami FL                       7    6  255  201   69.229   67.599 ( 65)
 52 Iowa                           6    7  310  269   69.179   69.668 ( 31)
 53 Utah                           8    5  363  258   69.134   66.688 ( 76)
 54 Appalachian St                14    1  528  223   69.007   59.229 (150)
 55 Central Michigan              10    4  416  312   68.805   65.034 (101)
 56 Southern Miss                  9    5  356  260   68.675   66.156 ( 83)
 57 North Dakota St               10    1  374  147   68.493   59.032 (151)
 58 Purdue                         8    6  364  374   68.351   67.539 ( 66)
 59 Nevada                         8    5  391  249   68.345   65.303 ( 95)
 60 Tulsa                          8    5  360  262   68.229   65.592 ( 92)
 61 San José St                    9    4  324  270   68.156   65.100 ( 99)
 62 Kansas St                      7    6  296  309   68.144   68.445 ( 50)
 63 Massachusetts                 13    2  413  200   68.046   60.874 (127)
 64 Vanderbilt                     4    8  264  284   67.847   70.065 ( 26)
 65 Mississippi                    4    8  188  275   67.526   70.387 ( 20)
 66 Connecticut                    4    8  257  324   67.416   70.086 ( 25)
 67 Kansas                         6    6  348  306   67.178   66.284 ( 81)
 68 Montana                       12    2  385  225   67.130   60.795 (130)
 69 East Carolina                  7    6  280  270   67.102   66.878 ( 73)
 70 Virginia                       5    7  181  214   67.037   68.243 ( 53)
 71 Syracuse                       4    8  209  295   66.916   70.379 ( 21)
 72 Mississippi St                 3    9  221  309   66.687   70.864 ( 15)
 73 Wyoming                        6    6  258  264   66.680   66.712 ( 75)
 74 Youngstown St                 11    3  440  323   66.675   61.366 (125)
 75 Indiana                        5    7  277  394   66.639   69.451 ( 37)
 76 Western Michigan               8    5  299  259   66.538   64.648 (105)
 77 Grand Valley St               15    0  533  233   66.228   54.368 (198)
 78 Rice                           7    6  350  432   66.177   66.623 ( 77)
 79 Michigan St                    4    8  302  341   66.159   69.181 ( 40)
 80 North Carolina St              3    9  210  262   66.107   69.473 ( 36)
 81 Middle Tennessee St            7    6  296  302   65.776   65.157 ( 97)
 82 Ohio U.                        9    5  276  253   65.718   64.110 (111)
 83 Baylor                         4    8  283  391   65.652   68.112 ( 57)
 84 Mount Union                   15    0  659  127   65.561   48.885 (303)
 85 Air Force                      4    8  279  302   65.526   67.989 ( 58)
 86 James Madison                  9    3  389  201   65.458   60.102 (136)
 87 Troy                           8    5  296  289   65.172   63.316 (116)
 88 Northwestern                   4    8  198  314   65.086   68.882 ( 42)
 89 New Mexico                     6    7  284  312   65.085   66.257 ( 82)
 90 Northern Illinois              7    6  331  275   65.009   64.161 (109)
 91 Williams                       8    0  276   74   64.896   49.021 (299)
 92 North Carolina                 3    9  216  366   64.829   69.856 ( 28)
 93 Stanford                       1   11  127  377   64.679   72.930 (  2)
 94 Portland St                    7    4  245  202   64.656   62.223 (122)
 95 NW Missouri St                14    1  509  173   64.583   53.751 (204)
 96 SMU                            6    6  325  294   64.499   64.281 (107)
 97 Fresno St                      4    8  276  339   64.289   67.373 ( 67)
 98 Ball St                        5    7  326  309   64.178   65.252 ( 96)
 99 New Hampshire                  9    4  459  312   64.073   60.498 (134)
100 Iowa St                        4    8  226  369   64.022   67.777 ( 60)
101 North Dakota                  11    2  411  244   64.011   58.137 (159)
102 UC-Davis                       6    5  309  227   63.922   62.065 (123)
103 Marshall                       5    7  311  351   63.736   65.864 ( 87)
104 Illinois St                    9    4  377  262   63.709   59.480 (144)
105 Central Florida                4    8  232  345   63.580   67.068 ( 70)
106 Illinois                       2   10  235  321   63.500   69.412 ( 38)
107 Cal Poly SLO                   7    4  248  162   63.471   59.412 (146)
108 Colorado                       2   10  196  267   63.460   68.559 ( 47)
109 UTEP                           5    7  328  375   63.377   64.743 (103)
110 Tulane                         4    8  224  400   63.267   67.672 ( 63)
111 Colorado St                    4    8  202  263   62.966   65.783 ( 89)
112 Northern Iowa                  7    4  341  249   62.900   59.946 (137)
113 San Diego                     11    1  514  155   62.797   48.635 (308)
114 Maine                          6    5  217  144   62.794   60.654 (132)
115 Alabama-Birmingham             3    9  225  297   62.793   66.556 ( 78)
116 San Diego St                   3    9  170  325   62.703   67.350 ( 68)
117 Akron                          5    7  236  271   62.696   64.508 (106)
118 Southern Illinois              9    4  448  256   62.683   57.941 (162)
119 Louisiana-Lafayette            6    6  248  296   62.598   62.409 (120)
120 Toledo                         5    7  281  332   62.391   63.790 (113)
121 Arkansas St                    6    6  182  289   62.389   63.786 (114)
122 Louisiana-Monroe               4    8  262  267   62.200   64.153 (110)
123 Montana St                     8    5  261  286   62.184   60.886 (126)
124 Florida Atlantic               5    7  181  299   62.129   64.189 (108)
125 UW-Whitewater                 14    1  542  181   62.116   50.915 (247)
126 Kent St                        6    6  214  241   62.051   62.833 (119)
127 Princeton                      9    1  233  179   61.995   56.672 (178)
128 Nebraska-Omaha                 8    3  338  250   61.911   58.341 (157)
129 Yale                           8    2  257  208   61.827   57.543 (165)
130 South Dakota St                7    4  235  235   61.762   59.395 (148)
131 Northern Arizona               6    5  378  296   61.472   59.734 (140)
132 Wofford                        7    4  329  213   61.438   59.011 (153)
133 Army                           3    9  232  335   61.400   65.847 ( 88)
134 Idaho                          4    8  203  417   61.300   66.152 ( 84)
135 Chadron St                    12    1  479  199   61.231   50.872 (250)
136 Towson                         7    4  236  237   60.982   59.326 (149)
137 New Mexico St                  4    8  374  369   60.871   62.860 (118)
138 Trinity CT                     7    1  206   54   60.859   49.699 (285)
139 Furman                         8    4  295  255   60.853   57.998 (161)
140 Memphis                        2   10  281  365   60.791   65.589 ( 93)
141 South Dakota                   9    4  420  253   60.754   55.420 (190)
142 Northeastern                   5    6  200  290   60.740   63.040 (117)
143 Villanova                      6    5  247  273   60.719   60.849 (129)
144 Central Arkansas               8    3  303  221   60.622   57.148 (170)
145 North Alabama                 11    1  402  165   60.582   51.352 (242)
146 Richmond                       6    5  272  199   60.371   58.921 (154)
147 Harvard                        7    3  267  192   60.259   57.042 (171)
148 UNLV                           2   10  238  382   60.106   66.505 ( 79)
149 Coastal Carolina               9    3  411  297   59.941   55.224 (191)
150 Sioux Falls                   14    0  541  102   59.764   44.240 (452)
151 Miami OH                       2   10  222  304   59.759   64.722 (104)
152 Delta St                      12    3  436  201   59.591   51.751 (233)
153 Duke                           0   12  179  406   59.401   69.584 ( 34)
154 Bowling Green                  4    8  234  340   59.235   63.943 (112)
155 Western Kentucky               6    5  258  263   59.094   58.658 (155)
156 Delaware                       5    6  289  285   58.946   59.012 (152)
157 North Texas                    3    9  154  304   58.853   63.567 (115)
158 UW-La Crosse                   9    2  311  203   58.673   52.088 (222)
159 Buffalo                        2   10  220  431   58.603   66.102 ( 85)
160 Louisiana Tech                 3   10  242  542   58.538   65.938 ( 86)
161 Tennessee-Martin               9    3  298  188   58.529   53.072 (213)
162 Sacramento St                  4    7  168  288   58.456   61.937 (124)
163 Eastern Illinois               8    5  297  275   58.335   56.594 (181)
164 Pennsylvania                   5    5  228  191   58.149   57.317 (168)
165 St John Fisher                12    2  529  192   58.148   48.081 (329)
166 Hampton                       10    2  410  174   58.046   50.671 (252)
167 Rhode Island                   4    7  214  332   58.009   60.684 (131)
168 Capital                       11    2  454  158   57.973   48.225 (326)
169 Lehigh                         6    5  299  222   57.961   56.168 (186)
170 Eastern Michigan               1   11  167  322   57.955   64.818 (102)
171 McNeese St                     7    5  303  271   57.891   56.186 (184)
172 Central Washington             6    5  246  255   57.828   57.429 (166)
173 The Citadel                    5    6  264  314   57.808   59.712 (141)
174 Eastern Washington             3    8  214  296   57.801   62.340 (121)
175 Minnesota-Duluth               6    4  210  231   57.618   56.760 (176)
176 Western Illinois               5    6  333  277   57.528   56.685 (177)
177 Northwood                      8    3  297  201   57.508   53.237 (209)
178 Weber St                       4    7  201  265   57.360   59.900 (139)
179 Temple                         1   11  131  496   57.298   67.738 ( 61)
180 Utah St                        1   11  130  462   57.214   68.155 ( 54)
181 Charleston Southern            9    2  300  199   57.091   50.364 (267)
182 Stephen F. Austin              4    7  204  232   56.899   59.620 (142)
183 Valdosta St                    8    2  349  157   56.884   49.975 (277)
184 William & Mary                 3    8  209  283   56.882   60.858 (128)
185 Monmouth NJ                   10    2  286  152   56.873   49.973 (278)
186 Lafayette                      6    6  316  270   56.749   56.159 (187)
187 Sam Houston St                 6    5  263  285   56.688   56.650 (180)
188 Elon                           5    6  253  256   56.633   56.804 (174)
189 Jacksonville St                6    5  285  193   56.427   55.015 (194)
190 West Texas A&M                11    2  390  269   56.395   50.528 (261)
191 Holy Cross                     7    4  275  235   56.219   53.900 (202)
192 Hofstra                        2    9  185  246   56.170   60.583 (133)
193 St Francis IN                 13    1  553  164   56.115   45.492 (409)
194 Augustana SD                   5    6  255  281   56.074   56.317 (182)
195 Georgia Southern               3    8  235  260   56.054   59.435 (145)
196 Bloomsburg                    12    2  372  248   56.000   48.123 (327)
197 Western Washington             5    6  203  267   55.994   57.231 (169)
198 Wesley                        13    1  517  204   55.967   44.254 (450)
199 Newberry                      11    2  399  216   55.964   48.321 (322)
200 Cornell NY                     5    5  189  217   55.893   56.670 (179)
201 North Carolina Central        11    1  371  166   55.838   47.341 (347)
202 Liberty                        6    5  259  172   55.645   53.077 (212)
203 Pittsburg St                  10    2  537  322   55.601   48.451 (315)
204 Humboldt St                    9    1  324  194   55.447   47.875 (335)
205 South Carolina St              7    4  298  204   55.421   52.198 (220)
206 Missouri Western               9    3  321  239   55.368   51.460 (240)
207 Shepherd                      11    1  333   88   55.349   44.998 (425)
208 Midwestern St                 10    3  466  310   55.306   50.959 (246)
209 Minn St-Mankato                4    7  228  258   55.274   57.649 (164)
210 Ferris St                      8    3  278  217   55.107   51.784 (232)
211 Springfield                   10    2  421  228   55.058   47.204 (352)
212 Abilene Christian              8    3  390  243   55.058   50.484 (263)
213 Middlebury                     6    2  103   91   55.011   50.321 (268)
214 Florida Int'l                  0   12  115  313   54.954   65.082 (100)
215 Eastern Kentucky               6    5  238  240   54.934   55.174 (192)
216 Drake                          9    2  303  168   54.773   46.129 (391)
217 Idaho St                       2    9  255  330   54.640   59.409 (147)
218 Northwestern St                4    7  187  249   54.638   57.015 (172)
219 Southern Utah                  3    8  215  276   54.590   58.361 (156)
220 Chattanooga                    3    8  201  304   54.590   58.259 (158)
221 Albany NY                      7    4  224  143   54.499   51.574 (237)
222 Brown                          3    7  225  241   54.399   56.774 (175)
223 St John's MN                  11    2  382  154   54.295   46.430 (377)
224 Colgate                        4    7  246  243   54.246   56.213 (183)
225 Wingate                        8    3  254  192   54.235   49.972 (279)
226 Gardner-Webb                   6    5  270  329   54.162   54.718 (196)
227 Mary Hardin-Baylor            10    3  423  202   54.161   48.731 (305)
228 Bucknell                       6    5  222  268   54.093   53.649 (205)
229 Delaware St                    8    3  335  192   54.071   49.668 (288)
230 Michigan Tech                  6    4  236  192   54.002   52.316 (219)
231 Texas St-San Marcos            5    6  244  248   53.981   55.421 (189)
232 Columbia                       5    5  150  163   53.960   54.433 (197)
233 St Cloud St                    3    8  270  223   53.844   55.105 (193)
234 Tennessee St                   6    5  241  242   53.798   53.905 (201)
235 Washburn                       7    4  275  180   53.786   51.158 (243)
236 Missouri St                    2    9  194  308   53.716   59.576 (143)
237 Alabama A&M                    9    3  285  228   53.608   50.447 (264)
238 Amherst                        5    3  146   90   53.529   50.401 (266)
239 Central Conn St                8    3  363  192   53.396   48.593 (311)
240 Hardin-Simmons                 8    2  386  186   53.394   47.366 (346)
241 Saginaw Valley St              6    4  269  241   53.388   52.062 (223)
242 Dartmouth                      2    8  147  254   53.271   58.102 (160)
243 Florida A&M                    7    4  273  327   53.260   52.544 (218)
244 Presbyterian                   7    4  166  145   53.255   51.142 (244)
245 Henderson St                   8    3  310  191   53.200   48.414 (317)
246 Tarleton St                    6    4  290  181   53.104   50.540 (259)
247 Arkansas Tech                  7    3  259  267   53.039   50.562 (256)
248 Arkansas-Pine Bluff            8    4  333  305   53.012   51.547 (239)
249 Western Oregon                 6    4  317  135   52.994   48.701 (306)
250 Nicholls St                    4    7  189  228   52.950   55.672 (188)
251 Carson-Newman                  8    3  289  153   52.892   48.081 (330)
252 Northwestern IA               11    2  479  148   52.855   42.764 (498)
253 Carroll MT                    11    2  310   76   52.794   45.447 (410)
254 Winona St                      9    3  276  214   52.725   48.301 (324)
255 Wayne St MI                    6    5  287  255   52.625   51.883 (229)
256 Indianapolis                   6    5  292  236   52.206   51.701 (234)
257 Ithaca                         7    3  294  146   52.134   46.364 (378)
258 Baldwin-Wallace                7    3  214  136   52.107   47.687 (338)
259 Bethel MN                      9    2  295  139   52.026   44.397 (445)
260 Hobart                         8    2  246  198   51.904   47.456 (342)
261 Rowan                          9    3  234  175   51.871   47.917 (333)
262 Alfred                         8    3  297  212   51.822   46.679 (369)
263 Bemidji St                     9    3  349  218   51.815   46.361 (380)
264 Truman St                      6    5  252  284   51.788   51.919 (228)
265 Nebraska-Kearney               6    4  202  145   51.759   49.946 (280)
266 Tennessee Tech                 4    7  192  296   51.742   54.750 (195)
267 Union NY                       7    3  288  231   51.719   48.242 (325)
268 Central IA                    10    1  282  120   51.668   43.204 (485)
269 Missouri Valley               13    1  408  184   51.598   41.947 (520)
270 Northern Colorado              1   10  129  373   51.531   59.921 (138)
271 Fort Lewis                     7    4  260  279   51.506   50.197 (273)
272 Stony Brook                    5    6  242  278   51.487   53.171 (211)
273 SE Oklahoma St                 6    4  276  192   51.480   49.183 (293)
274 Indiana St                     1   10  236  493   51.430   60.464 (135)
275 Elizabeth City St              9    3  302  157   51.369   46.013 (396)
276 Cortland St                    9    2  314  170   51.293   45.391 (411)
277 California PA                  8    3  341  158   51.281   45.381 (412)
278 West Chester                   9    4  442  293   51.229   46.489 (375)
279 Albany St GA                   7    4  174  130   51.194   48.337 (321)
280 Tiffin                        10    1  332  154   51.182   41.277 (544)
281 Robert Morris                  7    4  234  161   51.149   48.586 (313)
282 Alcorn St                      6    5  262  260   51.126   50.529 (260)
283 Jackson St                     6    5  312  273   51.105   49.856 (281)
284 Western Carolina               2    9  159  316   51.001   57.744 (163)
285 Catawba                        6    4  213  177   50.967   49.024 (298)
286 Morgan St                      5    6  199  242   50.925   52.006 (224)
287 Mississippi Valley St          6    5  199  245   50.731   50.856 (251)
288 Tuskegee                       9    3  319  224   50.665   46.774 (367)
289 SE Louisiana St                2    9  181  351   50.628   57.401 (167)
290 Wheaton                       10    2  430  184   50.623   43.084 (490)
291 Tusculum                       6    5  200  180   50.615   49.076 (296)
292 Alabama St                     5    6  199  227   50.512   51.813 (231)
293 St Joseph's IN                 8    3  334  188   50.442   44.783 (434)
294 Southern U.                    5    6  276  280   50.417   50.901 (248)
295 Howard                         5    6  180  237   50.356   52.574 (217)
296 Montana St-Northern            9    3  281  130   50.279   45.354 (413)
297 UW-Stevens Point               6    4  239  231   50.146   48.315 (323)
298 Whitworth                     11    1  330  161   50.104   41.774 (527)
299 Mary                           6    4  204  183   50.091   47.924 (332)
300 Indiana PA                     8    2  261  144   50.051   43.082 (491)
301 RPI                            7    3  313  176   50.037   43.817 (465)
302 Ohio Northern                  6    4  242  128   50.010   47.203 (353)
303 Wilkes                        11    1  314  104   49.995   40.972 (559)
304 UW-Platteville                 5    5  222  242   49.979   50.602 (255)
305 Carnegie Mellon               11    1  308  119   49.965   39.939 (591)
306 Hillsdale                      5    6  258  261   49.929   50.234 (272)
307 Harding                        6    4  244  248   49.917   49.135 (295)
308 Bethune-Cookman                5    6  314  249   49.867   49.838 (282)
309 St Olaf                        8    2  388  198   49.846   42.926 (495)
310 UW-Oshkosh                     5    5  243  181   49.739   49.036 (297)
311 Grambling St                   3    8  295  281   49.728   52.930 (214)
312 Morningside                    9    3  287  189   49.724   44.750 (436)
313 SE Missouri St                 4    7  203  307   49.716   53.996 (200)
314 St Xavier                     10    3  380  207   49.673   43.239 (482)
315 Central Missouri               5    6  385  224   49.650   48.422 (316)
316 Davidson                       6    4  295  228   49.526   47.672 (339)
317 Rochester                      7    4  312  273   49.521   47.385 (345)
318 Ashland                        4    6  206  244   49.470   51.937 (226)
319 Montclair St                   7    3  226  169   49.465   46.041 (394)
320 East Stroudsburg               7    4  385  235   49.438   44.989 (426)
321 West Alabama                   6    5  301  235   49.430   48.397 (319)
322 Slippery Rock                  7    4  294  201   49.428   46.125 (392)
323 Missouri Southern              5    6  254  284   49.403   51.000 (245)
324 Bryant                         8    3  370  169   49.384   42.728 (499)
325 Duquesne                       7    3  285  155   49.371   45.152 (422)
326 Tufts                          4    4   81  107   49.181   50.558 (257)
327 Walsh                          9    3  271  171   49.180   43.313 (481)
328 Wash & Jeff                   10    2  392  171   49.168   42.270 (513)
329 Adams St                       6    5  271  209   49.121   47.167 (355)
330 Merrimack                      8    4  275  250   49.112   46.236 (386)
331 Fordham                        3    8  158  289   49.091   53.278 (208)
332 St Ambrose                    10    1  356  179   49.059   40.367 (577)
333 C.W. Post                      7    3  212  146   49.006   44.849 (430)
334 Samford                        3    8  166  250   48.877   53.788 (203)
335 Ohio Dominican                 7    3  308  176   48.873   43.085 (489)
336 John Carroll                   5    5  223  146   48.853   47.938 (331)
337 Central Oklahoma               5    6  233  223   48.842   49.298 (292)
338 VMI                            1   10  199  433   48.824   56.958 (173)
339 Marietta                       6    4  228  242   48.774   47.561 (341)
340 Northern Michigan              3    7  234  333   48.773   52.902 (215)
341 Northeastern St OK             4    6  230  304   48.642   50.615 (253)
342 SW Oklahoma St                 6    5  225  247   48.593   47.436 (344)
343 Southern Conn St               7    4  309  225   48.437   45.110 (423)
344 Mercyhurst                     3    7  221  282   48.425   51.924 (227)
345 Langston                       5    4  335  210   48.380   46.029 (395)
346 North Greenville              10    2  476  235   48.365   40.556 (572)
347 Norfolk St                     4    7  251  289   48.250   49.978 (276)
348 Georgetown DC                  2    9  164  287   48.155   53.566 (206)
349 Christopher Newport            8    3  313  204   48.129   43.231 (483)
350 Winston-Salem St               4    7  186  192   48.111   50.076 (274)
351 North Central                  9    3  381  216   48.055   41.830 (524)
352 TAMU-Commerce                  5    5  125  151   48.024   48.589 (312)
353 Texas Southern                 3    8  203  328   47.993   51.953 (225)
354 St Lawrence                    5    4  206  190   47.672   46.593 (371)
355 Edinboro                       6    5  279  172   47.605   45.243 (417)
356 Dickinson                      8    3  256  211   47.586   43.818 (464)
357 Linfield                       6    3  259  150   47.563   42.942 (494)
358 Stillman                       5    5  209  163   47.538   46.838 (363)
359 Western New Mexico             5    5  215  163   47.505   46.277 (382)
360 Mars Hill                      4    7  191  228   47.484   49.826 (283)
361 UW-Eau Claire                  3    7  163  193   47.337   50.245 (271)
362 St Norbert                    10    1  422  168   47.261   36.982 (647)
363 Trinity TX                     8    2  260  117   47.246   41.743 (528)
364 New Mexico Highlands           6    5  218  210   47.132   46.153 (389)
365 Emporia St                     3    8  329  333   47.112   49.683 (287)
366 Concordia-St Paul              5    6  253  272   47.112   48.451 (314)
367 Malone                         7    4  238  267   47.104   45.176 (419)
368 Murray St                      1   10  195  386   47.104   56.178 (185)
369 Lenoir-Rhyne                   3    8  187  249   47.025   50.320 (270)
370 Bethel TN                     10    3  478  190   46.964   39.986 (590)
371 Montana Tech                   6    5  175  178   46.902   46.468 (376)
372 Millersville                   5    6  277  251   46.889   46.242 (384)
373 Augustana IL                   7    3  229  147   46.873   41.335 (541)
374 Lane                           8    3  285  249   46.868   43.601 (472)
375 Wartburg                       8    2  228  109   46.830   41.239 (545)
376 St Thomas                      6    4  209  163   46.813   44.733 (438)
377 Mt St Joseph                   9    2  269  125   46.782   39.045 (613)
378 Kean                           7    4  273  169   46.733   43.950 (458)
379 UW-Stout                       3    7  189  249   46.575   50.008 (275)
380 Kentucky St                    7    4  208  215   46.515   45.097 (424)
381 Texas Lutheran                 6    4  224  221   46.477   45.726 (404)
382 American Int'l                 6    4  179  148   46.455   44.162 (453)
383 Georgetown KY                  9    2  444  190   46.421   38.414 (626)
384 Prairie View A&M               3    8  163  228   46.391   49.162 (294)
385 Wesleyan                       3    5   91  163   46.353   50.558 (257)
386 Brockport St                   4    6  182  179   46.347   47.440 (343)
387 Miles                          5    5  176  161   46.344   46.002 (397)
388 Wayne St NE                    5    6  206  237   46.140   47.023 (359)
389 Wooster                        8    2  295  148   46.127   39.075 (612)
390 Black Hills St                 8    3  237  114   46.093   40.337 (579)
391 West Georgia                   1    9  123  235   46.059   54.045 (199)
392 TAMU-Kingsville                3    8  235  372   46.055   50.523 (262)
393 Salisbury                      6    5  252  169   45.975   44.606 (442)
394 Shippensburg                   5    6  240  257   45.952   46.240 (385)
395 Bentley                        6    5  158  161   45.934   44.737 (437)
396 UW-River Falls                 3    7  131  322   45.923   51.589 (236)
397 Mesa St                        4    7  201  263   45.905   48.949 (302)
398 Southern Arkansas              2    9  162  342   45.849   53.227 (210)
399 Eastern Oregon                 6    5  199  256   45.804   45.777 (403)
400 Occidental                     9    1  376  206   45.740   38.177 (629)
401 Nebraska Wesleyan              7    3  190  197   45.701   43.220 (484)
402 Minn St-Moorhead               6    5  250  210   45.700   43.563 (473)
403 Averett                        7    3  320  301   45.679   43.949 (459)
404 Colorado Mines                 4    7  243  277   45.634   47.312 (348)
405 Mississippi College            5    5  295  267   45.634   44.650 (441)
406 Ouachita Baptist               2    8  242  370   45.583   51.556 (238)
407 Sul Ross St                    5    4  228  270   45.513   44.797 (431)
408 Johnson C. Smith               7    4  187  189   45.475   43.704 (470)
409 Angelo St                      3    7  147  245   45.388   49.558 (289)
410 St Augustine's                 4    6  143  202   45.363   47.228 (350)
411 Wabash                         8    2  356  229   45.358   39.866 (592)
412 Millsaps                       7    4  330  225   45.326   42.144 (516)
413 Coe                            7    3  281  161   45.247   40.883 (563)
414 Azusa Pacific                  3    7  162  243   45.244   50.603 (254)
415 West Liberty St                7    4  271  234   45.242   43.088 (488)
416 Jacksonville FL                4    6  206  323   45.181   48.414 (318)
417 Howard Payne                   5    5  254  296   45.178   45.536 (408)
418 Virginia Union                 7    3  275  248   45.156   42.625 (502)
419 Eastern New Mexico             3    7  187  240   45.125   47.909 (334)
420 Franklin                       9    1  312  177   45.097   36.874 (649)
421 Bowie St                       5    5  164  129   45.024   44.857 (429)
422 Missouri-Rolla                 6    5  350  283   44.990   43.455 (476)
423 Ursinus                        8    3  201  126   44.819   41.174 (548)
424 Southern Oregon                3    6  160  237   44.802   48.392 (320)
425 Fort Valley St                 4    7  169  247   44.728   47.600 (340)
426 Dayton                         4    6  250  259   44.687   46.985 (360)
427 Findlay                        2    9  117  242   44.634   51.692 (235)
428 Wittenberg                     7    4  268  244   44.591   42.121 (517)
429 Urbana                         5    6  239  225   44.531   45.158 (420)
430 Northern St SD                 4    7  196  211   44.524   46.247 (383)
431 SW Baptist                     1   10  260  477   44.505   52.184 (221)
432 McKendree                      5    4  312  114   44.502   41.320 (542)
433 Concordia WI                  10    1  353  140   44.493   31.746 (694)
434 Otterbein                      4    6  158  260   44.407   47.833 (336)
435 St Francis PA                  3    8  227  398   44.398   48.856 (304)
436 Delaware Valley                8    3  188  100   44.301   40.273 (582)
437 East Central OK                2    8  168  342   44.291   49.306 (291)
438 Wagner                         4    7  180  233   44.260   47.213 (351)
439 Central St OH                  2    5  200  225   44.079   46.978 (361)
440 Clark Atlanta                  4    5  134  156   44.065   44.976 (427)
441 Huntingdon                     6    4  249  209   44.016   41.825 (525)
442 Marist                         4    7  200  291   43.935   47.108 (357)
443 NW Oklahoma St                 6    4  258  201   43.920   40.374 (576)
444 Western Conn St                5    5  193  214   43.882   43.905 (461)
445 Glenville St                   5    6  217  210   43.874   44.795 (432)
446 Sacred Heart                   2    9  189  300   43.863   49.764 (284)
447 Dubuque                        6    4  272  237   43.863   41.513 (533)
448 Jamestown                      8    3  302  111   43.783   38.086 (631)
449 MidAmerica Nazarene            7    3  305  220   43.739   40.659 (571)
450 Widener                        7    4  235  167   43.713   41.177 (547)
451 Louisiana College              4    5  272  283   43.711   43.892 (462)
452 Arkansas-Monticello            1   10  124  355   43.698   52.584 (216)
453 Gustavus Adolphus              6    4  195  188   43.697   41.594 (531)
454 Johns Hopkins                  5    5  185  147   43.695   43.165 (486)
455 Fayetteville St                3    7  163  198   43.593   46.927 (362)
456 Assumption                     4    6  153  234   43.545   45.155 (421)
457 Thiel                          5    5  212  161   43.536   43.162 (487)
458 Muhlenberg                     5    5  205  175   43.534   43.385 (477)
459 Bridgewater VA                 8    2  317  160   43.489   37.595 (639)
460 Geneva                         4    5  143  148   43.487   44.396 (446)
461 Apprentice                     7    3  217  143   43.463   39.176 (607)
462 Merchant Marine                3    7  197  251   43.457   46.361 (379)
463 Benedictine KS                 8    3  209  161   43.405   40.364 (578)
464 East Texas Baptist             3    7  228  332   43.391   46.833 (364)
465 Western St CO                  3    8  153  290   43.376   47.798 (337)
466 Upper Iowa                     3    8  248  331   43.359   46.682 (368)
467 Hamilton                       2    6   24   82   43.266   50.401 (265)
468 Curry                         11    1  364  187   43.176   34.736 (670)
469 Fairmont St                    4    7  162  178   43.131   45.216 (418)
470 Fort Hays St                   1   10  153  367   43.102   51.405 (241)
471 Benedict                       3    7  131  168   43.054   45.816 (401)
472 Waynesburg                     6    4  206  211   42.947   42.198 (515)
473 Colby                          2    6   57  142   42.932   49.021 (299)
474 Wilmington                     3    7  102  281   42.875   48.601 (310)
475 Washington and Lee             7    4  216  173   42.827   40.666 (570)
476 Thomas More                    6    4  201  172   42.823   41.337 (540)
477 SW Minnesota St                4    7  221  213   42.811   43.794 (467)
478 North Carolina Wesleyan        6    4  339  203   42.772   39.849 (593)
479 Kutztown                       4    6  267  300   42.770   43.917 (460)
480 Gannon                         1   10  133  349   42.758   50.886 (249)
481 William Penn                   5    6  209  274   42.702   44.873 (428)
482 Austin Peay                    3    8  245  271   42.637   46.796 (366)
483 Franklin & Marshall            3    7  185  229   42.607   45.256 (416)
484 Gettysburg                     5    5  243  268   42.592   42.546 (504)
485 Graceland                      6    4  300  237   42.580   40.775 (568)
486 Puget Sound                    7    3  327  230   42.494   38.922 (617)
487 Bowdoin                        2    6   49  151   42.423   50.321 (269)
488 Dixie St                       1   10  154  409   42.392   51.876 (230)
489 DePauw                         6    4  227  185   42.375   40.198 (584)
490 Quincy                         6    5  231  200   42.321   41.787 (526)
491 Dana                           6    5  231  223   42.288   42.309 (511)
492 Emory & Henry                  6    4  202  194   42.275   41.148 (551)
493 Hope                           7    4  257  244   42.191   40.786 (567)
494 New Jersey                     4    6  162  201   42.113   44.332 (448)
495 Lebanon Valley                 6    4  235  181   42.102   40.666 (569)
496 Virginia-Wise                  8    3  444  309   42.092   37.825 (635)
497 Charleston WV                  5    6  194  267   42.077   44.023 (456)
498 Webber Int'l                   5    5  199  177   42.052   41.370 (538)
499 King's PA                      6    5  161  194   42.043   42.321 (510)
500 Elmhurst                       6    4  206  173   41.917   39.096 (611)
501 Carthage                       6    4  215  198   41.844   39.696 (597)
502 Morehead St                    2    9  218  322   41.836   48.677 (307)
503 Rhodes                         6    4  152  140   41.820   40.091 (585)
504 Buffalo St                     3    7  190  325   41.806   45.875 (399)
505 Loras                          4    6  190  233   41.739   43.775 (469)
506 Allegheny                      6    4  303  217   41.682   38.624 (622)
507 Dickinson St                   6    4  227  122   41.657   37.580 (640)
508 Concordia-Moorhead             4    6  176  212   41.626   43.781 (468)
509 Cal Lutheran                   6    3  268  172   41.593   38.643 (620)
510 Bates                          1    7   87  166   41.549   49.699 (285)
511 McMurry                        3    7  178  273   41.435   45.270 (414)
512 Iona                           3    7  147  174   41.291   44.392 (447)
513 Concord                        3    8  131  308   41.276   46.813 (365)
514 Washington U.                  6    4  201  152   41.227   38.640 (621)
515 Guilford                       6    4  312  289   41.148   39.648 (598)
516 Carleton                       4    6  241  181   41.099   41.485 (535)
517 Paul Quinn                     2    6  128  266   41.098   46.105 (393)
518 Cumberlands KY                 6    4  186  226   41.052   40.332 (580)
519 Shaw                           3    7  159  289   40.968   46.582 (372)
520 Virginia St                    2    8  155  242   40.965   46.151 (390)
521 Pacific Lutheran               4    5  232  198   40.915   40.857 (564)
522 Hastings                       4    6  169  196   40.861   43.704 (471)
523 William Jewell                 5    5  182  196   40.693   40.963 (561)
524 Defiance                       7    3  163  122   40.627   37.215 (644)
525 Buena Vista                    4    6  156  196   40.574   42.486 (505)
526 Southern Nazarene              6    4  196  137   40.543   37.457 (643)
527 WPI                            3    6  207  227   40.484   43.326 (479)
528 Monmouth IL                    7    3  259  151   40.438   35.995 (656)
529 Lindenwood                     5    7  257  255   40.420   41.687 (530)
530 Simpson                        3    7  155  199   40.406   43.973 (457)
531 William Paterson               1    9  159  285   40.386   47.260 (349)
532 Husson                         6    4  176  175   40.340   39.115 (610)
533 West Virginia St               5    6  160  217   40.258   41.593 (532)
534 Valley City St                 6    4  244  155   40.246   37.518 (641)
535 Hartwick                       4    6  257  314   40.177   43.317 (480)
536 Ripon                          7    3  291  230   40.145   36.315 (653)
537 Case Western Reserve           5    5  199  178   40.136   40.264 (583)
538 Morehouse                      2    9  213  331   40.118   45.549 (407)
539 Shorter                        6    5  307  195   39.987   37.947 (633)
540 Centre                         5    5  196  187   39.985   39.459 (602)
541 Rocky Mountain                 2    9  169  341   39.963   46.350 (381)
542 Pace                           3    7   71  168   39.947   44.254 (451)
543 Millikin                       3    7  188  213   39.939   42.613 (503)
544 North Carolina A&T             0   11  114  475   39.912   53.413 (207)
545 Butler                         3    8  156  331   39.745   46.208 (388)
546 Dakota Wesleyan                4    6  101  218   39.716   43.818 (463)
547 Grove City                     3    7  180  281   39.700   43.514 (475)
548 Livingstone                    1    9  100  234   39.690   47.078 (358)
549 Trinity Int'l                  4    7  145  247   39.628   42.463 (507)
550 Friends                        9    2  273   86   39.617   31.698 (695)
551 Illinois Wesleyan              3    7  188  250   39.577   42.294 (512)
552 Hampden-Sydney                 4    6  262  281   39.576   41.173 (549)
553 St Peter's                     2    8  154  347   39.566   46.227 (387)
554 Evangel                        4    6  181  200   39.501   41.082 (555)
555 Savannah St                    2    9  108  379   39.452   49.389 (290)
556 Montana-Western                1    9  167  318   39.437   47.148 (356)
557 Minot St                       4    6  157  121   39.415   39.586 (599)
558 Redlands                       4    5  166  190   39.405   41.081 (556)
559 Seton Hill                     2    9  144  316   39.324   45.835 (400)
560 Texas College                  4    7  198  289   39.309   42.447 (508)
561 Maryville                      5    5  331  289   39.298   38.813 (618)
562 Baker                          4    6  160  200   39.269   41.106 (553)
563 Moravian                       4    6  177  231   39.240   40.971 (560)
564 McDaniel                       4    6  115  241   39.094   41.872 (522)
565 Alma                           6    4  382  315   38.911   36.879 (648)
566 La Salle                       3    7  146  255   38.886   42.652 (501)
567 Briar Cliff                    5    6  136  300   38.875   42.242 (514)
568 Belhaven                       6    5  333  326   38.865   38.407 (627)
569 Lycoming                       4    5  156  188   38.639   40.072 (586)
570 Muskingum                      2    8  107  320   38.501   48.103 (328)
571 Bethel KS                      9    2  271  160   38.419   32.606 (688)
572 Olivet Nazarene                4    7  172  249   38.390   40.986 (558)
573 Methodist                      4    6  164  174   38.356   39.498 (601)
574 Lock Haven                     2    9  125  367   38.285   46.612 (370)
575 Utica                          3    7  112  278   38.272   44.729 (439)
576 Chapman                        4    5  191  205   38.262   39.120 (608)
577 Coast Guard                    8    3  282  202   38.253   34.449 (672)
578 Colorado College               5    5  307  269   38.181   37.137 (646)
579 Albion                         5    5  250  227   38.126   37.638 (638)
580 Luther                         2    8  258  257   38.119   41.315 (543)
581 St Paul's                      1    8   53  181   37.927   46.534 (374)
582 Endicott                       6    4  203  128   37.826   35.449 (662)
583 Pikeville                      4    6  205  326   37.670   41.359 (539)
584 Menlo                          4    6  198  252   37.647   39.192 (606)
585 Valparaiso                     3    8  212  378   37.618   44.082 (454)
586 Hanover                        4    6  170  200   37.608   39.451 (603)
587 Austin                         4    6  141  235   37.596   40.274 (581)
588 Bridgewater St MA              8    2  285  169   37.509   32.132 (691)
589 Lambuth                        4    7  222  329   37.499   41.212 (546)
590 Bethany WV                     4    6  192  362   37.425   40.397 (575)
591 Claremont-Mudd-Scripps         4    5  170  219   37.285   38.961 (615)
592 La Verne                       3    6  162  275   37.279   40.789 (566)
593 Concordia NE                   2    8  174  285   37.241   44.066 (455)
594 WV Wesleyan                    2    8  113  220   37.156   42.959 (493)
595 Clarion                        1   10  120  306   37.111   47.190 (354)
596 Oberlin                        5    5  267  295   37.091   37.762 (636)
597 Sterling                       7    3  257  127   37.079   32.202 (690)
598 Sewanee                        2    8  165  267   37.038   42.006 (518)
599 Concordia AL                   2    8  119  271   37.030   43.018 (492)
600 Ferrum                         2    7  202  277   36.985   41.127 (552)
601 Illinois College               6    4  201  214   36.955   35.654 (660)
602 Rose-Hulman                    6    4  236  148   36.873   34.248 (674)
603 Culver-Stockton                3    8  124  264   36.863   41.435 (537)
604 Mount Ida                      5    4  167  259   36.851   37.990 (632)
605 Kansas Wesleyan                8    2  268  134   36.761   30.873 (702)
606 Olivet                         6    4  193  186   36.750   35.448 (663)
607 Stonehill                      1    9   84  186   36.731   44.670 (440)
608 Norwich                        2    8  163  291   36.702   44.789 (433)
609 Willamette                     2    7  186  294   36.685   42.717 (500)
610 Ohio Wesleyan                  3    7  277  266   36.471   38.799 (619)
611 Catholic                       3    7  171  248   36.427   39.347 (604)
612 Central Methodist              3    8  181  262   36.369   40.025 (587)
613 Adrian                         5    5  240  192   36.360   35.417 (664)
614 Greensboro                     3    7  190  342   36.216   40.794 (565)
615 Hamline                        3    7  137  251   36.176   41.453 (536)
616 Westminster PA                 2    8  175  298   36.159   41.963 (519)
617 Midland Lutheran               2    9  166  261   36.136   42.868 (497)
618 Whittier                       2    7  162  226   36.120   40.000 (589)
619 Pomona-Pitzer                  3    6  214  237   36.098   37.923 (634)
620 Frostburg St                   2    7   74  169   36.024   42.364 (509)
621 Albright                       2    8  237  321   35.915   41.099 (554)
622 Avila                          3    8  120  224   35.888   40.007 (588)
623 Lake Forest                    5    5  153  154   35.867   35.892 (657)
624 UMass-Dartmouth                5    4  211  176   35.699   34.192 (677)
625 Cumberland TN                  3    7  242  297   35.536   38.499 (624)
626 FDU-Florham                    2    8  192  260   35.465   40.426 (573)
627 Cheyney                        1   10  127  366   35.304   45.997 (398)
628 Campbellsville                 2    8  148  349   35.222   41.492 (534)
629 Cornell IA                     2    8  131  291   35.172   41.940 (521)
630 Augsburg                       1    9  187  421   35.161   44.445 (444)
631 Susquehanna                    2    8  121  224   35.157   40.889 (562)
632 Shenandoah                     2    8   88  234   35.054   41.030 (557)
633 Peru St                        6    5  275  207   34.993   33.293 (682)
634 Juniata                        2    8  150  260   34.758   40.416 (574)
635 Carroll WI                     4    6  196  192   34.747   36.065 (655)
636 Doane                          1    9  112  299   34.739   44.316 (449)
637 Lawrence                       5    5  169  225   34.702   35.185 (665)
638 Randolph-Macon                 2    8  133  236   34.650   39.748 (594)
639 Maine Maritime                 6    3  188  143   34.563   31.614 (696)
640 Morrisville St                 1    8   94  318   34.529   44.765 (435)
641 Western New England            5    4  180  155   34.363   33.463 (680)
642 Plymouth St                    4    5  176  178   34.352   34.854 (669)
643 Chicago                        4    5  193  156   34.300   34.245 (676)
644 Lincoln MO                     1    8   57  439   34.199   45.563 (406)
645 Lakeland                       5    5  221  217   34.195   35.129 (666)
646 Edward Waters                  1    9   93  298   34.167   44.582 (443)
647 Nichols                        5    4  173  160   33.951   33.020 (683)
648 Kenyon                         4    6  354  401   33.655   35.800 (658)
649 St Anselm                      0   10   85  355   33.592   45.616 (405)
650 St Francis IL                  1    9   92  321   33.383   43.809 (466)
651 Dakota St                      3    8  163  323   33.192   39.704 (596)
652 Bluffton                       3    7  100  168   33.146   37.482 (642)
653 Tabor                          6    4  214  170   33.052   31.244 (700)
654 Heidelberg                     0   10  110  411   33.044   48.615 (309)
655 Southern Virginia              2    7  136  274   33.035   38.495 (625)
656 Minnesota-Morris               7    3  308  182   32.999   25.499 (708)
657 Fitchburg St                   4    5  160  147   32.982   33.844 (679)
658 Kentucky Wesleyan              0   11  135  394   32.972   45.779 (402)
659 Union KY                       2    8  164  232   32.943   38.503 (623)
660 Denison                        3    7  183  253   32.925   36.869 (650)
661 Worcester St                   4    6  167  196   32.752   34.356 (673)
662 Brevard                        2    6   72  303   32.546   42.481 (506)
663 Taylor                         1    9   67  255   32.510   43.346 (478)
664 Earlham                        3    7  259  308   32.359   36.157 (654)
665 Iowa Wesleyan                  1    9  101  336   32.191   41.832 (523)
666 Northwestern MN                7    3  243  172   32.043   26.688 (707)
667 Rockford                       7    3  291  120   31.786   24.806 (711)
668 Tri-State                      2    8  230  302   31.628   36.383 (652)
669 Greenville                     6    4  217  152   31.398   29.063 (706)
670 Kalamazoo                      2    7  185  264   31.241   35.567 (661)
671 Minnesota-Crookston            0   11   39  471   31.230   48.989 (301)
672 Anderson                       2    8  152  293   31.122   37.651 (637)
673 West Virginia Tech             1   10  111  469   31.022   43.522 (474)
674 Aurora                         5    5  171  198   30.886   31.555 (697)
675 SW Assem of God                2    8  110  284   29.795   36.635 (651)
676 Waldorf                        2    8  108  280   29.787   39.116 (609)
677 Mansfield                      0   10   54  401   29.528   46.535 (373)
678 Grinnell                       2    8  222  430   29.221   35.799 (659)
679 Mass Maritime                  3    6  104  214   29.166   32.751 (684)
680 Manchester                     1    9  151  287   29.129   37.199 (645)
681 Knox                           2    8  187  260   28.914   34.127 (678)
682 Benedictine IL                 4    6  123  183   28.087   31.858 (693)
683 Westfield St                   1    8  116  177   28.031   34.245 (675)
684 LaGrange                       0   10   93  421   27.917   41.171 (550)
685 Mayville St                    1    9   63  418   27.758   39.530 (600)
686 St Mary KS                     3    7  118  191   27.446   31.389 (699)
687 Lewis & Clark                  0    9   96  456   27.442   41.714 (529)
688 Chowan                         0   10   73  313   27.420   42.891 (496)
689 SUNY-Maritime                  1    6  104  193   27.417   34.869 (668)
690 MIT                            2    7  147  279   27.396   33.350 (681)
691 Bacone                         1    9   83  325   26.634   38.932 (616)
692 McPherson                      3    7   75  257   26.628   31.886 (692)
693 Westminster MO                 4    5  174  166   26.320   25.497 (709)
694 Salve Regina                   1    8   95  251   26.176   34.632 (671)
695 Bethany KS                     2    8  136  261   26.139   32.455 (689)
696 Becker                         0    9  108  333   26.022   39.725 (595)
697 OK Panhandle St                0   10  105  572   26.005   45.262 (415)
698 Southwestern KS                2    8  152  238   25.975   31.536 (698)
699 Haskell                        2    9  112  271   25.642   32.728 (686)
700 Framingham St                  1    8  122  275   25.446   32.734 (685)
701 Wisconsin Lutheran             0   10   96  368   25.396   38.118 (630)
702 Beloit                         1    9   95  275   25.306   35.046 (667)
703 South Dakota Tech              1    9   55  367   25.256   38.225 (628)
704 North Park                     1    9  101  371   24.914   39.042 (614)
705 Hiram                          0   10   91  429   24.698   39.229 (605)
706 Ottawa                         1    9  134  277   24.579   32.611 (687)
707 MacMurray                      3    7  199  296   24.392   30.256 (704)
708 Maranatha Baptist              6    3  215  110   23.759   19.336 (716)
709 Macalester                     2    7  147  309   22.213   30.888 (701)
710 Concordia IL                   2    8  141  358   21.699   29.777 (705)
711 Martin Luther                  2    8  147  222   17.810   24.853 (710)
712 Eureka                         0   10  107  381   16.631   30.328 (703)
713 Blackburn                      3    7  122  269   16.513   21.656 (712)
714 Crown                          3    6  135  206   16.430   20.537 (714)
715 Trinity Bible                  2    6   72  279   10.577   19.959 (715)
716 Principia                      0    9   65  377    5.157   21.242 (713)
