Rnk Team                         WON LOST   PF   PA     RATE      SOS
--- ----                         --- ----  ---  ---  -------  -------
  1 Miami FL                      12    0  512  117   85.582   71.965 ( 27)
  2 Florida                       10    2  538  178   81.282   72.471 ( 18)
  3 Tennessee                     11    2  400  251   80.017   73.930 (  1)
  4 Nebraska                      11    2  463  226   79.822   72.233 ( 22)
  5 Texas                         11    2  517  207   79.454   71.168 ( 43)
  6 Oregon                        11    1  412  256   78.798   72.007 ( 26)
  7 Oklahoma                      11    2  397  169   78.749   70.874 ( 48)
  8 LSU                           10    3  418  302   77.537   72.623 ( 15)
  9 Maryland                      10    2  413  266   77.493   70.753 ( 51)
 10 Colorado                      10    3  412  318   77.468   73.200 (  6)
 11 Syracuse                      10    3  334  247   77.215   72.383 ( 19)
 12 Florida State                  8    4  403  304   76.944   73.830 (  2)
 13 Washington St                 10    2  420  269   76.507   70.240 ( 59)
 14 Illinois                      10    2  390  285   76.324   71.340 ( 37)
 15 South Carolina                 9    3  310  230   76.300   71.866 ( 30)
 16 Stanford                       9    3  422  339   76.278   72.528 ( 17)
 17 Georgia                        8    4  331  228   75.504   71.240 ( 42)
 18 UCLA                           7    4  317  225   75.448   72.928 ( 10)
 19 Washington                     8    4  353  370   75.329   73.023 (  9)
 20 Michigan                       8    4  320  237   75.208   72.307 ( 20)
 21 North Carolina                 8    5  337  271   75.058   72.707 ( 13)
 22 Virginia Tech                  8    4  376  177   74.932   70.257 ( 57)
 23 Boston College                 8    4  337  227   74.901   70.536 ( 55)
 24 Georgia Tech                   8    5  405  281   74.827   70.957 ( 47)
 25 Alabama                        7    5  318  232   74.512   72.053 ( 25)
 26 Kansas State                   6    6  330  205   74.118   72.927 ( 11)
 27 Texas A&M                      8    4  248  213   74.089   71.446 ( 36)
 28 Arkansas                       7    5  294  279   74.028   72.614 ( 16)
 29 Auburn                         7    5  254  281   73.598   73.025 (  8)
 30 Texas Tech                     7    5  402  281   73.521   71.282 ( 41)
 31 Fresno State                  11    3  560  344   73.517   68.254 ( 72)
 32 Louisville                    11    2  394  223   73.389   66.953 ( 87)
 33 Ohio State                     7    5  312  244   73.168   71.336 ( 38)
 34 Southern Cal                   6    6  298  207   73.026   72.087 ( 24)
 35 North Carolina St              7    5  319  257   73.010   70.868 ( 49)
 36 Clemson                        7    5  369  339   72.836   71.110 ( 45)
 37 Iowa                           7    5  391  258   72.774   71.010 ( 46)
 38 Iowa State                     7    5  309  245   72.696   70.862 ( 50)
 39 Brigham Young                 12    2  618  424   72.604   67.502 ( 79)
 40 Notre Dame                     5    6  214  215   72.423   72.674 ( 14)
 41 Mississippi                    7    4  391  310   72.321   68.817 ( 68)
 42 Pittsburgh                     7    5  296  245   72.301   70.302 ( 56)
 43 Utah                           8    4  329  210   72.234   69.149 ( 63)
 44 Marshall                      11    2  512  369   72.120   66.114 ( 97)
 45 Michigan State                 7    5  374  311   72.110   70.638 ( 54)
 46 Wake Forest                    6    5  292  311   71.713   71.163 ( 44)
 47 Penn State                     5    6  248  281   71.646   73.299 (  4)
 48 Wisconsin                      5    7  313  346   71.631   72.255 ( 21)
 49 Oregon State                   5    6  287  259   71.349   71.300 ( 39)
 50 Indiana                        5    6  305  298   71.286   71.912 ( 29)
 51 Purdue                         6    6  250  278   71.226   71.539 ( 34)
 52 Hawaii                         9    3  483  318   71.009   66.514 ( 93)
 53 Bowling Green                  8    3  333  215   70.796   66.535 ( 91)
 54 Toledo                        10    2  407  297   70.563   65.001 (110)
 55 Virginia                       5    7  249  331   70.429   71.756 ( 32)
 56 Boise State                    8    4  411  280   70.411   66.522 ( 92)
 57 Arizona State                  4    7  374  361   70.151   71.295 ( 40)
 58 Arizona                        5    6  320  377   70.140   70.668 ( 53)
 59 Colorado State                 7    5  298  274   70.106   69.066 ( 64)
 60 Oklahoma St                    4    7  242  281   69.790   71.961 ( 28)
 61 Mississippi St                 3    8  196  288   69.579   73.102 (  7)
 62 East Carolina                  6    6  421  360   69.403   68.748 ( 70)
 63 Louisiana Tech                 7    5  406  390   69.174   67.618 ( 77)
 64 Northwestern                   4    7  320  378   69.057   70.684 ( 52)
 65 Miami OH                       7    5  319  309   68.807   67.538 ( 78)
 66 Southern Miss                  6    5  278  186   68.716   67.199 ( 83)
 67 Missouri                       4    7  240  330   68.685   71.502 ( 35)
 68 Montana                       15    1  533  293   68.634   60.936 (123)
 69 Minnesota                      4    7  308  299   68.566   69.700 ( 61)
 70 New Mexico                     6    5  304  243   68.376   67.263 ( 82)
 71 Central Florida                6    5  333  204   68.302   65.929 (100)
 72 Northern Illinois              6    5  303  292   67.966   67.126 ( 85)
 73 Kentucky                       2    9  259  367   67.851   73.391 (  3)
 74 South Florida                  8    3  387  231   67.846   62.360 (117)
 75 Rice                           8    4  333  335   67.840   65.715 (101)
 76 Kansas                         3    8  182  398   67.691   72.801 ( 12)
 77 UNLV                           4    7  284  270   67.661   68.784 ( 69)
 78 Troy State                     7    4  246  269   67.502   65.958 ( 99)
 79 West Virginia                  3    8  235  268   67.405   71.600 ( 33)
 80 Middle Tennessee St            8    3  408  286   67.371   63.420 (114)
 81 Air Force                      6    6  337  386   67.050   67.395 ( 80)
 82 TCU                            6    6  289  285   66.897   67.155 ( 84)
 83 Ala-Birmingham                 6    5  265  206   66.829   66.309 ( 94)
 84 Cincinnati                     7    5  336  290   66.816   65.413 (106)
 85 Memphis                        5    6  294  281   66.592   66.809 ( 89)
 86 Kent State                     6    5  248  281   66.368   66.008 ( 98)
 87 Western Michigan               5    6  277  266   66.092   66.237 ( 95)
 88 Temple                         4    7  198  311   65.915   69.994 ( 60)
 89 North Dakota                  14    1  475  183   65.903   56.578 (173)
 90 Baylor                         3    8  205  357   65.850   70.255 ( 58)
 91 Furman                        12    3  477  221   65.840   59.424 (139)
 92 Grand Valley St               13    1  707  231   65.645   55.477 (188)
 93 California                     1   10  201  431   65.403   73.225 (  5)
 94 Georgia Southern              12    2  525  215   65.328   56.956 (171)
 95 San Diego St                   3    8  184  290   65.114   68.892 ( 67)
 96 Vanderbilt                     2    9  226  402   65.095   71.795 ( 31)
 97 Ball State                     5    6  268  296   64.988   65.639 (103)
 98 SMU                            4    7  226  295   64.767   67.368 ( 81)
 99 Northern Iowa                 11    3  377  340   64.745   60.351 (126)
100 Sam Houston St                10    3  470  322   64.657   59.480 (138)
101 Utah State                     4    7  316  421   64.449   67.853 ( 75)
102 Nevada                         3    8  286  431   64.444   68.161 ( 73)
103 Maine                          9    3  352  269   64.312   60.121 (127)
104 Akron                          4    7  281  360   64.226   66.636 ( 90)
105 Wyoming                        2    9  229  368   63.468   68.656 ( 71)
106 North Texas                    5    7  275  293   63.467   65.447 (104)
107 Hofstra                        9    3  441  294   63.462   58.792 (145)
108 San Jose St                    3    9  295  461   63.376   68.914 ( 66)
109 Western Kentucky               8    4  318  146   63.230   57.993 (159)
110 Harvard                        9    0  293  184   63.190   54.595 (199)
111 Northwestern St                8    4  319  232   63.164   59.547 (135)
112 Lehigh                        11    1  427  216   63.049   53.583 (209)
113 Northern Arizona               8    4  399  341   62.993   60.498 (125)
114 New Mexico State               5    7  286  400   62.988   65.445 (105)
115 McNeese State                  8    4  347  206   62.912   58.857 (144)
116 Appalachian St                 9    4  411  278   62.862   58.682 (146)
117 Eastern Illinois               9    2  403  255   62.852   55.963 (180)
118 William & Mary                 8    4  362  295   62.753   59.737 (132)
119 Tulane                         3    9  344  495   62.749   66.992 ( 86)
120 Villanova                      8    3  401  306   62.534   59.137 (141)
121 Pennsylvania                   8    1  264  103   62.139   53.969 (205)
122 Williams                       8    0  215   84   62.031   49.581 (285)
123 Duke                           0   11  212  491   61.965   72.209 ( 23)
124 Youngstown St                  8    3  368  191   61.935   56.298 (176)
125 Eastern Kentucky               8    2  320  155   61.713   54.790 (197)
126 Central Michigan               3    8  251  346   61.644   65.644 (102)
127 Pittsburg St                  11    2  467  186   61.628   51.283 (237)
128 Valdosta State                12    1  617  188   61.260   50.336 (256)
129 Stephen F. Austin              6    5  246  264   61.203   61.099 (122)
130 Portland State                 7    4  365  314   61.183   59.651 (133)
131 Saginaw Valley St             11    2  381  256   61.021   55.364 (189)
132 Army                           3    8  229  365   60.961   65.203 (107)
133 Rhode Island                   8    3  272  252   60.858   58.580 (149)
134 Western Carolina               7    4  280  231   60.841   58.652 (147)
135 Ohio U.                        1   10  198  323   60.797   67.899 ( 74)
136 Nebraska-Omaha                 8    3  291  232   60.649   57.796 (161)
137 Montana State                  5    6  309  329   60.615   61.977 (118)
138 North Dakota St                7    3  351  175   60.569   56.584 (172)
139 Eastern Washington             7    4  461  349   60.434   57.676 (165)
140 Tennessee Tech                 7    3  313  213   60.213   55.338 (190)
141 Mount Union                   14    0  582  155   60.058   46.612 (355)
142 UC-Davis                      10    3  490  286   59.934   54.906 (195)
143 Rutgers                        2    9  119  397   59.670   69.043 ( 65)
144 C.W. Post                     11    1  488  151   59.609   49.653 (282)
145 Grambling St                  10    1  413  214   59.606   51.472 (231)
146 Amherst                        7    1  165   49   59.538   50.024 (269)
147 Colgate                        7    3  244  189   59.418   55.967 (179)
148 Chadron State                 10    1  466  149   59.372   49.121 (298)
149 UTEP                           2    9  235  414   59.301   65.105 (108)
150 Buffalo                        3    8  205  286   59.256   63.616 (112)
151 Cal Poly-SLO                   6    5  292  248   59.224   58.403 (155)
152 Northeastern                   5    6  225  224   59.156   59.502 (136)
153 Catawba                       11    2  424  211   59.046   49.183 (296)
154 Richmond                       3    8  201  189   59.020   61.589 (119)
155 Western Washington             8    3  390  201   59.020   53.567 (210)
156 UL-Lafayette                   3    8  234  365   58.881   63.405 (115)
157 Jacksonville St                5    6  349  305   58.826   58.634 (148)
158 Brown                          6    3  319  235   58.724   55.855 (181)
159 Western Illinois               5    5  257  290   58.717   59.091 (142)
160 Delaware                       4    6  188  199   58.707   59.970 (131)
161 NW Missouri St                 7    4  416  205   58.574   54.390 (201)
162 Tennessee State                8    3  389  223   58.537   52.256 (224)
163 Houston                        0   11  190  432   58.502   69.168 ( 62)
164 Connecticut                    2    9  192  370   58.322   64.341 (111)
165 Northern Colorado              7    4  271  210   58.320   55.553 (187)
166 Navy                           0   10  183  344   58.242   67.690 ( 76)
167 Tarleton State                10    3  478  307   58.205   52.507 (221)
168 Wofford                        4    7  260  290   58.106   60.667 (124)
169 Central Missouri              10    2  468  299   58.006   51.081 (241)
170 TAMU-Kingsville                9    2  334  170   57.935   51.412 (235)
171 East Tennessee St              6    5  193  226   57.898   58.272 (156)
172 Idaho                          1   10  313  495   57.729   66.137 ( 96)
173 UL-Monroe                      2    9  148  351   57.616   65.014 (109)
174 South Dakota St                5    6  284  301   57.597   58.109 (157)
175 Indiana PA                     8    2  311  139   57.568   50.766 (244)
176 Missouri Western               8    3  310  201   57.521   52.564 (220)
177 CSU-Northridge                 3    7  342  390   57.432   60.012 (129)
178 Tulsa                          1   10  191  387   57.423   66.857 ( 88)
179 SW Missouri St                 6    5  297  271   57.378   57.341 (168)
180 Weber State                    3    8  347  441   57.291   61.340 (120)
181 Georgetown KY                 14    0  681  202   57.226   42.802 (465)
182 New Haven                      5    4  218  187   57.090   56.140 (177)
183 Central Arkansas               9    3  504  233   57.026   51.120 (240)
184 Bucknell                       6    4  240  157   56.953   54.763 (198)
185 Bloomsburg                     9    2  331  168   56.775   49.555 (287)
186 SW Texas State                 4    7  188  258   56.731   59.498 (137)
187 Augustana SD                   5    5  335  213   56.694   55.170 (192)
188 Ferris State                   7    4  274  248   56.606   54.878 (196)
189 Tufts                          6    2  176   83   56.468   50.405 (252)
190 Idaho State                    4    7  331  333   56.464   57.711 (164)
191 Massachusetts                  3    8  178  342   56.434   61.189 (121)
192 New Hampshire                  4    7  329  392   56.417   58.492 (153)
193 Nicholls State                 3    8  218  308   56.387   60.118 (128)
194 Truman State                   8    3  366  263   56.301   51.684 (228)
195 Arkansas State                 2    9  177  357   56.162   63.358 (116)
196 Indianapolis                   7    4  254  210   56.083   53.237 (214)
197 Eastern Michigan               2    9  197  356   56.068   63.482 (113)
198 St. Mary's CA                  6    5  249  242   55.848   55.643 (184)
199 American Intl                  8    2  313  178   55.811   49.806 (277)
200 The Citadel                    3    7  172  183   55.756   59.635 (134)
201 Murray State                   4    6  216  315   55.753   58.531 (151)
202 Fordham                        7    4  329  245   55.552   52.952 (218)
203 Tuskegee                      11    1  442  145   55.406   45.669 (375)
204 Minn State-Mankato             4    7  222  344   55.047   57.730 (163)
205 Ashland                        6    5  292  265   54.875   54.098 (204)
206 CSU-Sacramento                 2    9  249  424   54.754   60.005 (130)
207 Dayton                        10    1  453  167   54.744   45.141 (388)
208 Princeton                      3    6  200  202   54.673   56.978 (170)
209 Arkansas Tech                  8    2  287  189   54.646   49.335 (291)
210 Bridgewater VA                12    1  557  296   54.613   43.978 (425)
211 St. Cloud State                4    7  286  354   54.552   56.545 (175)
212 Nebraska-Kearney               8    2  357  202   54.406   48.449 (319)
213 Angelo State                   6    4  170  185   54.335   53.217 (215)
214 Bentley                        9    3  394  302   54.335   50.428 (251)
215 Indiana State                  3    8  168  347   54.289   58.948 (143)
216 Tusculum                       8    2  323  233   54.264   49.181 (297)
217 Southern U.                    7    4  275  214   54.212   51.593 (230)
218 Presbyterian                   7    4  367  259   54.110   50.258 (261)
219 Carson-Newman                  6    3  322  188   54.096   49.767 (278)
220 Michigan Tech                  5    5  297  350   54.095   55.166 (193)
221 Sioux Falls                   12    2  505  225   54.008   45.931 (370)
222 James Madison                  2    9  201  260   53.738   58.405 (154)
223 West Georgia                   8    3  325  205   53.737   49.382 (289)
224 Fort Valley St                 8    3  363  244   53.719   48.777 (307)
225 Carroll MT                    10    2  321  142   53.664   46.866 (349)
226 Delta State                    7    3  289  221   53.645   49.307 (292)
227 Shippensburg                   8    3  267  226   53.493   50.290 (257)
228 Sacred Heart                  11    0  450  167   53.487   41.195 (521)
229 SE Missouri St                 4    7  279  281   53.468   54.125 (203)
230 TAMU-Commerce                  7    4  230  205   53.446   51.636 (229)
231 Illinois State                 2    9  258  375   53.408   58.528 (152)
232 Winona State                  10    2  504  293   53.383   47.124 (342)
233 Widener                       12    1  592  273   53.374   43.047 (455)
234 Midwestern State               7    4  431  269   53.367   50.273 (259)
235 Alabama State                  8    4  444  298   53.136   49.192 (295)
236 Florida A&M                    7    4  346  300   53.040   51.253 (238)
237 SW Baptist                     6    5  269  284   52.925   50.471 (250)
238 Northern Michigan              4    7  215  302   52.876   55.308 (191)
239 Chattanooga                    3    8  217  338   52.838   57.886 (160)
240 Jackson State                  7    4  389  342   52.812   50.290 (258)
241 UW-Eau Claire                  8    2  280  152   52.785   47.200 (340)
242 Yale                           3    6  214  249   52.694   55.593 (186)
243 Minn-Duluth                    9    3  408  218   52.610   47.068 (345)
244 Mars Hill                      7    4  240  156   52.609   48.699 (311)
245 Rowan                         11    2  610  239   52.600   44.464 (406)
246 Emporia State                  5    6  263  286   52.543   53.170 (216)
247 Ohio Northern                  8    2  348  173   52.504   46.442 (358)
248 South Dakota                   2    8  165  259   52.470   57.532 (166)
249 Holy Cross                     4    6  247  279   52.467   54.288 (202)
250 North Carolina A&T             8    3  376  229   52.433   48.606 (312)
251 St. John's MN                 11    3  428  200   52.398   44.527 (405)
252 Southern Oregon                9    2  474  185   52.306   44.623 (400)
253 Western Oregon                 4    5  216  219   52.281   52.456 (222)
254 Missouri Southern              4    6  222  252   52.278   53.670 (208)
255 UW-Stevens Point               8    3  288  213   52.231   49.028 (302)
256 East Stroudsburg               7    3  287  187   52.227   48.039 (330)
257 Alcorn State                   6    5  269  312   52.199   51.933 (227)
258 Winston-Salem St               8    3  278  133   52.160   46.085 (367)
259 Cornell                        2    7  187  292   52.142   57.259 (169)
260 Eastern New Mexico             6    4  318  281   51.968   50.549 (249)
261 Southern Utah                  2    9  219  296   51.961   57.788 (162)
262 Wayne State MI                 3    7  217  389   51.793   56.557 (174)
263 Northwood                      3    6  250  251   51.752   53.785 (207)
264 Hillsdale                      3    8  272  320   51.705   55.076 (194)
265 Hampton                        7    4  334  315   51.658   49.668 (281)
266 Samford                        5    5  269  274   51.653   52.267 (223)
267 Columbia                       3    7  206  326   51.650   55.624 (185)
268 Southern Conn                  6    4  310  259   51.637   50.223 (262)
269 Trinity TX                     9    2  469  194   51.502   43.430 (440)
270 Southern Illinois              1   10  167  339   51.465   59.239 (140)
271 Liberty                        3    8  225  404   51.452   57.392 (167)
272 Shepherd                       8    2  344  167   51.381   44.707 (395)
273 Concordia NE                  10    2  326  154   51.363   42.992 (458)
274 Merrimack                      6    4  170  214   51.228   50.264 (260)
275 Evangel                       11    1  436  170   51.198   41.545 (513)
276 Virginia Union                 8    3  250  164   51.117   47.080 (344)
277 East Central                   6    4  343  261   51.113   47.992 (331)
278 Central Washington             4    7  248  284   51.055   53.962 (206)
279 Bethel MN                      9    2  426  189   51.040   42.353 (481)
280 Slippery Rock                  6    4  252  185   50.976   48.932 (303)
281 Mercyhurst                     2    7  177  299   50.834   55.782 (182)
282 Elon                           2    9  199  346   50.814   58.074 (158)
283 Mesa State                     7    4  371  260   50.748   48.040 (329)
284 Benedictine KS                12    2  453  231   50.684   42.786 (466)
285 Colby                          4    4  187  120   50.680   49.919 (274)
286 Lycoming                       8    1  293  129   50.580   42.236 (484)
287 Bethune-Cookman                6    4  303  205   50.523   48.090 (327)
288 Lafayette                      2    8  210  308   50.381   55.732 (183)
289 Duquesne                       8    3  370  183   50.359   44.809 (392)
290 Pacific Lutheran               8    3  356  240   50.344   45.392 (381)
291 Gardner-Webb                   6    4  322  241   50.281   48.277 (322)
292 Western State                  6    5  304  250   50.273   48.527 (316)
293 Findlay                        3    8  210  345   50.258   54.473 (200)
294 Middlebury                     4    4  113  111   50.180   50.071 (267)
295 Montana Tech                   8    3  250  204   50.170   46.771 (350)
296 Wash & Jeff                   11    1  417  173   50.124   39.886 (566)
297 Morehouse                      7    2  193  159   50.058   46.106 (364)
298 Southern Arkansas              4    6  236  264   49.993   51.437 (233)
299 Trinity CT                     4    4  174  147   49.966   49.919 (274)
300 Ithaca                        11    2  446  207   49.947   41.529 (515)
301 St. Anselm                     5    5  240  283   49.852   50.402 (254)
302 Dartmouth                      1    8  202  301   49.797   56.011 (178)
303 Wittenberg                    11    2  497  194   49.736   40.407 (545)
304 Ark-Monticello                 6    5  239  264   49.717   48.508 (317)
305 Central IA                     9    2  286  176   49.629   44.360 (407)
306 Wartburg                       8    2  297  110   49.602   43.469 (439)
307 Glenville State                6    3  209  252   49.553   47.343 (339)
308 Harding                        4    6  229  266   49.540   51.177 (239)
309 SW Oklahoma St                 5    5  192  211   49.453   48.773 (308)
310 Linfield                       7    2  266  162   49.437   43.652 (434)
311 John Carroll                   7    3  343  239   49.436   45.194 (386)
312 SE Oklahoma St                 3    7  267  386   49.415   52.978 (217)
313 Montclair State                9    2  396  231   49.399   42.984 (459)
314 Mary                           9    1  345  149   49.348   40.175 (556)
315 Bryant                         4    5  180  197   49.338   50.668 (247)
316 West Chester                   5    4  217  215   49.278   48.395 (320)
317 Wesleyan                       4    4  172  187   49.252   50.071 (268)
318 St. Peter's                   10    1  288   90   49.251   39.817 (571)
319 Augustana IL                  10    2  419  155   49.202   40.062 (560)
320 Kutztown                       6    4  210  163   49.130   46.764 (351)
321 VMI                            1   10  164  446   49.096   58.567 (150)
322 Hastings                       8    2  269  196   49.089   43.669 (433)
323 Menlo                          8    2  404  241   49.076   43.188 (445)
324 Edinboro                       4    6  202  209   49.011   50.176 (264)
325 Whitworth                      7    2  233  150   48.917   43.364 (441)
326 Clarion                        4    7  245  262   48.819   50.386 (255)
327 Central Oklahoma               3    8  341  373   48.800   51.456 (232)
328 Capital                        7    3  314  265   48.718   44.814 (391)
329 South Carolina St              6    5  231  241   48.711   48.529 (314)
330 Western Maryland               8    3  434  207   48.628   43.142 (448)
331 UW-La Crosse                   4    6  212  172   48.590   49.060 (300)
332 Abilene Christian              3    8  223  409   48.557   53.366 (211)
333 UW-River Falls                 4    5  204  240   48.520   49.992 (271)
334 Pace                           4    5  181  279   48.515   50.668 (247)
335 RPI                            8    1  269  196   48.448   41.787 (504)
336 UW-Stout                       6    3  198  186   48.443   45.396 (380)
337 Drake                          5    5  276  278   48.440   48.089 (328)
338 Washburn                       3    8  263  400   48.438   52.808 (219)
339 Gustavus Adolphus              7    3  353  227   48.430   42.311 (482)
340 SUNY-Brockport                 9    2  316  208   48.411   42.505 (476)
341 Humboldt State                 4    7  267  405   48.134   51.413 (234)
342 Bowie State                    7    3  194  124   48.121   44.071 (419)
343 Hardin-Simmons                 8    2  476  206   48.079   40.171 (557)
344 Bemidji State                  7    4  415  261   48.017   44.668 (397)
345 St. Francis IN                 9    2  354  203   47.924   41.148 (524)
346 St. Thomas                     7    3  327  206   47.880   42.017 (493)
347 Concordia-St. Paul             8    3  378  234   47.846   42.149 (488)
348 NE Oklahoma St                 4    6  249  270   47.805   49.101 (299)
349 San Diego                      6    3  236  203   47.782   45.697 (374)
350 Charleston Southern            5    6  262  253   47.747   47.555 (336)
351 King's PA                      8    3  298  234   47.710   43.968 (426)
352 Union NY                       9    2  425  226   47.704   41.001 (529)
353 Delaware State                 5    6  315  324   47.658   48.265 (323)
354 Towson                         3    7  149  257   47.604   52.093 (225)
355 Lenoir-Rhyne                   4    6  219  236   47.602   48.887 (304)
356 Fairmont State                 6    3  311  218   47.578   44.557 (403)
357 Florida Atlantic               4    6  177  245   47.529   50.087 (266)
358 Valley City St                 9    2  349  153   47.521   39.607 (578)
359 California PA                  5    5  289  244   47.519   46.690 (354)
360 Colorado Mines                 7    4  462  385   47.453   44.718 (393)
361 Alabama A&M                    4    7  215  246   47.434   49.931 (273)
362 Stonehill                      4    7  211  259   47.377   48.822 (305)
363 Doane                          6    3  155  109   47.357   44.301 (410)
364 Baldwin-Wallace                6    4  286  198   47.311   45.231 (384)
365 Centre                         9    1  362  244   47.270   40.183 (555)
366 Monmouth NJ                    7    3  240  154   47.239   43.067 (452)
367 St. Ambrose                    8    3  353  203   47.176   41.653 (510)
368 UW-Whitewater                  5    5  306  242   47.154   46.527 (356)
369 North Alabama                  4    6  174  266   47.116   49.693 (280)
370 Ouachita Baptist               3    7  164  227   47.010   50.691 (246)
371 MidAmer Nazarene               8    3  320  121   46.980   41.399 (518)
372 Wingate                        4    7  172  275   46.863   49.496 (288)
373 Albion                         8    2  301  201   46.851   41.422 (517)
374 Tri-State                      8    3  365  213   46.812   41.792 (503)
375 Butler                         5    5  278  328   46.755   47.022 (346)
376 Albright                       7    4  326  227   46.624   43.553 (438)
377 Occidental                     8    1  276  215   46.617   39.995 (564)
378 Albany NY                      7    3  236  195   46.597   42.626 (471)
379 Fayetteville St                6    4  164  157   46.496   45.641 (377)
380 Jacksonville FL                6    5  268  268   46.491   46.128 (362)
381 Washington MO                  8    2  226  128   46.487   40.553 (540)
382 Western Conn St                8    2  208  143   46.391   41.150 (523)
383 Cal Lutheran                   6    3  315  230   46.349   43.623 (436)
384 Campbellsville                10    3  406  338   46.290   41.056 (527)
385 Wilmington                     5    5  253  232   46.261   46.189 (361)
386 Mary Hardin-Baylor             8    2  251  139   46.244   40.361 (547)
387 Robert Morris                  6    3  310  219   46.229   42.565 (472)
388 UW-Platteville                 4    6  242  270   46.152   46.918 (348)
389 Illinois Wesleyan              7    2  219  108   46.148   40.094 (559)
390 Muhlenberg                     7    4  364  191   46.141   42.523 (473)
391 Worcester State               10    1  442  181   46.109   36.626 (636)
392 Coe                            6    4  234  172   46.094   43.980 (424)
393 Johns Hopkins                  6    3  202  126   46.044   41.994 (495)
394 Plymouth State                 7    3  265  178   45.991   41.926 (497)
395 Albany GA                      4    6  170  226   45.935   48.461 (318)
396 Westfield State               10    1  268  118   45.920   36.536 (640)
397 Cornell IA                     7    3  257  190   45.919   43.060 (454)
398 West Virginia Tech             5    6  286  390   45.917   48.757 (310)
399 Norfolk State                  5    6  161  278   45.877   47.535 (337)
400 West Texas A&M                 2    9  230  360   45.844   51.067 (242)
401 Simon Fraser                   3    5  159  258   45.688   47.811 (333)
402 Thomas More                   11    1  423  204   45.674   37.492 (619)
403 Millikin                       8    2  362   85   45.614   35.263 (660)
404 Prairie View A&M               3    7  194  302   45.573   49.811 (276)
405 UW-Oshkosh                     3    6  186  293   45.569   48.528 (315)
406 Millersville                   3    8  232  326   45.497   49.701 (279)
407 New Mexico Highlands           4    7  272  411   45.433   49.220 (293)
408 NW Oklahoma St                 7    3  437  139   45.430   36.716 (632)
409 Morehead State                 6    5  298  246   45.428   43.987 (423)
410 Azusa Pacific                  4    5  221  258   45.350   45.857 (372)
411 Ark-Pine Bluff                 4    7  154  270   45.299   48.550 (313)
412 Georgetown DC                  3    7  160  316   45.298   50.708 (245)
413 Morris Brown                   5    6  215  277   45.147   46.703 (353)
414 Fort Hays St                   3    8  288  322   45.136   48.192 (325)
415 Willamette                     4    5  215  171   45.081   44.605 (401)
416 Coll of New Jersey             6    4  276  263   44.950   42.717 (468)
417 Stillman                       5    3  177  155   44.924   42.143 (489)
418 Howard                         2    9  232  374   44.869   49.950 (272)
419 Rocky Mountain                 3    7  164  244   44.842   48.111 (326)
420 Texas Southern                 3    7  191  245   44.819   48.390 (321)
421 Northern State                 4    7  250  334   44.779   47.125 (341)
422 Nebraska Wesleyan              5    5  266  211   44.751   44.134 (415)
423 McKendree                      8    3  273  173   44.749   39.876 (568)
424 North Carolina Central         5    4  210  116   44.729   42.308 (483)
425 Hope                           7    2  298  166   44.677   38.933 (595)
426 Aurora                         7    2  348  112   44.658   36.306 (646)
427 UMass-Lowell                   1    9  238  328   44.562   50.931 (243)
428 Howard Payne                   8    2  309  153   44.459   37.796 (612)
429 Concordia-Moorhead             5    5  270  222   44.395   41.974 (496)
430 Cumberland TN                  6    4  296  296   44.387   43.162 (446)
431 West Liberty                   5    5  357  277   44.373   43.735 (430)
432 Newberry                       4    7  241  245   44.362   46.029 (368)
433 Lock Haven                     3    8  140  291   44.288   50.203 (263)
434 Fairfield                      5    5  273  256   44.236   44.053 (420)
435 Benedict                       5    5  230  170   44.220   42.781 (467)
436 Hartwick                       7    4  359  272   44.205   39.241 (589)
437 Western Montana                3    7  170  358   44.165   49.210 (294)
438 Minn State-Moorhead            4    6  208  218   44.095   45.221 (385)
439 Walsh                          8    3  330  219   44.091   40.041 (561)
440 Wesley                         7    3  437  225   44.061   37.787 (613)
441 Minn-Crookston                 4    7  215  385   44.042   49.037 (301)
442 Morgan State                   2    9  251  316   43.979   48.218 (324)
443 Wabash                         8    2  386  193   43.976   36.567 (638)
444 SUNY-Cortland                  5    5  296  223   43.937   41.926 (498)
445 Wheaton                        6    4  340  236   43.934   41.190 (522)
446 Redlands                       5    3  239  193   43.889   41.745 (506)
447 Hobart                         6    3  235  182   43.673   40.103 (558)
448 Moravian                       5    5  253  210   43.656   42.627 (470)
449 Miles                          4    7  250  289   43.580   46.004 (369)
450 Huron                          7    3  260  214   43.574   40.260 (552)
451 MacMurray                      9    2  472  193   43.574   34.170 (667)
452 Henderson St                   1   10  155  450   43.497   53.350 (212)
453 Alma                           6    4  358  230   43.460   40.400 (546)
454 Ohio Wesleyan                  9    1  418  209   43.415   34.371 (665)
455 Davidson                       5    4  199  208   43.322   42.408 (479)
456 Simpson                        4    6  202  180   43.279   44.101 (417)
457 Buena Vista                    5    5  155  207   43.202   43.734 (431)
458 Otterbein                      4    6  297  327   43.021   44.660 (398)
459 St. Olaf                       6    4  239  255   43.010   40.833 (536)
460 Springfield                    4    5  204  150   42.997   42.952 (461)
461 Missouri-Rolla                 2    9  152  360   42.957   51.377 (236)
462 Midland Lutheran               5    5  195  248   42.956   43.692 (432)
463 Virginia-Wise                  6    4  278  199   42.912   39.881 (567)
464 Savannah St                    2    7  105  290   42.879   49.626 (283)
465 Wayne State NE                 4    7  186  278   42.865   45.601 (378)
466 Claremont                      5    3  211  142   42.814   39.518 (582)
467 Kentucky St                    3    8  143  379   42.778   48.790 (306)
468 Loras                          5    5  225  212   42.773   42.235 (485)
469 Tennessee-Martin               1   10  198  422   42.769   53.262 (213)
470 Carnegie Mellon                7    2  256  152   42.766   38.034 (610)
471 Northwestern IA                5    5  196  289   42.762   44.318 (409)
472 Gannon                         5    4  296  207   42.719   41.001 (530)
473 Ursinus                        6    4  280  199   42.575   40.331 (550)
474 DePauw                         5    5  298  256   42.483   40.348 (548)
475 Curry                          9    2  334  197   42.371   36.490 (642)
476 Montana-Northern               2    9  170  347   42.335   48.768 (309)
477 Fort Lewis                     2    9  285  484   42.318   49.574 (286)
478 Culver-Stockton                6    5  296  201   42.248   40.995 (531)
479 WV Wesleyan                    3    6  214  280   42.246   45.173 (387)
480 Susquehanna                    4    6  238  295   42.197   43.862 (429)
481 Wilkes                         4    6  194  246   42.175   43.939 (427)
482 Chapman                        3    6  217  274   42.106   44.550 (404)
483 Dickinson St                   6    4  326  259   41.992   39.743 (574)
484 St. Xavier                     7    4  290  221   41.992   39.282 (586)
485 Virginia State                 3    6  166  247   41.987   45.477 (379)
486 Allegheny                      5    5  353  247   41.979   40.784 (537)
487 UMass-Dartmouth                6    3  241  174   41.902   38.832 (596)
488 Southwest St MN                3    8  231  409   41.815   46.362 (360)
489 Mississippi College            7    3  235  211   41.716   38.572 (602)
490 Bethany KS                     8    1  388  179   41.689   34.011 (670)
491 Juniata                        5    5  260  341   41.650   42.859 (464)
492 Assumption                     1   10  198  383   41.602   49.347 (290)
493 Rhodes                         5    5  268  270   41.597   41.119 (526)
494 Lane                           3    7  157  224   41.588   44.981 (389)
495 Nichols                        6    4  230  191   41.534   39.810 (572)
496 Valparaiso                     3    8  149  282   41.514   45.925 (371)
497 Mansfield                      2    8  179  276   41.511   47.114 (343)
498 Trinity IL                     8    4  307  213   41.509   37.253 (624)
499 Augsburg                       4    6  187  249   41.430   43.139 (449)
500 Muskingum                      3    7  224  319   41.327   44.830 (390)
501 Bowdoin                        1    7  143  274   41.318   49.581 (284)
502 Dickinson                      5    5  188  216   41.300   40.841 (535)
503 Missouri Valley                5    5  187  230   41.237   41.674 (508)
504 Lambuth                        3    6  333  310   41.119   43.583 (437)
505 Kansas Wesleyan                8    3  315  241   41.071   37.145 (626)
506 Sewanee                        5    5  184  185   41.071   40.949 (533)
507 Wagner                         3    6  249  276   41.048   43.062 (453)
508 Belhaven                       4    6  193  235   41.021   43.156 (447)
509 West Virginia State            4    7  207  365   41.010   44.244 (411)
510 Merchant Marine                4    5  180  193   41.008   41.846 (499)
511 Buffalo State                  1    8  159  307   40.981   47.668 (335)
512 Millsaps                       6    4  139  191   40.909   40.190 (554)
513 Defiance                       8    3  302  189   40.823   35.392 (657)
514 WPI                            4    6  242  323   40.723   42.507 (475)
515 Austin Peay                    3    7  236  265   40.685   44.036 (421)
516 Graceland                      5    5  202  252   40.666   41.731 (507)
517 Washington & Lee               5    5  240  241   40.507   40.934 (534)
518 Chicago                        6    3  263  178   40.446   37.449 (621)
519 Jamestown                      5    5  270  251   40.383   39.947 (565)
520 West Alabama                   1   10  132  380   40.382   50.115 (265)
521 Stony Brook                    3    6  211  238   40.372   42.994 (457)
522 St. Norbert                    8    2  382  213   40.324   34.565 (662)
523 Hamilton                       1    7   62  187   40.295   50.405 (253)
524 Bates                          1    7  110  275   40.272   50.024 (270)
525 Elizabeth City St              2    7  149  247   40.256   45.277 (382)
526 Adams State                    2    9  216  360   40.239   47.530 (338)
527 Luther                         3    7  135  199   40.121   43.105 (450)
528 Anderson                       8    2  351  209   40.030   34.130 (668)
529 Upper Iowa                     3    7  120  234   40.026   44.345 (408)
530 Iona                           4    5  178  256   39.970   42.384 (480)
531 Mississippi Valley St          0   11  176  472   39.889   52.029 (226)
532 Eastern Oregon                 1    8  145  253   39.868   46.510 (357)
533 Whittier                       2    7  156  313   39.861   44.710 (394)
534 Carthage                       6    4  201  214   39.769   38.576 (601)
535 William Jewell                 4    6  186  255   39.663   41.832 (500)
536 Marist                         3    6  146  197   39.609   42.954 (460)
537 Northwestern MN                9    0  358   69   39.606   25.121 (701)
538 Clark Atlanta                  1   10  180  324   39.602   46.975 (347)
539 Baker                          5    6  182  270   39.596   41.504 (516)
540 Minot State                    4    6  307  292   39.580   40.552 (541)
541 Western New Mexico             3    7  217  496   39.572   44.674 (396)
542 Lincoln MO                     4    5  227  199   39.567   39.385 (585)
543 Johnson C Smith                2    7  115  313   39.415   46.428 (359)
544 Central Conn St                2    7  146  233   39.206   45.258 (383)
545 Emory & Henry                  5    5  212  189   39.134   39.667 (576)
546 Delaware Valley                3    7  236  348   39.018   42.911 (462)
547 Hampden-Sydney                 5    5  296  273   39.001   39.586 (579)
548 Dana                           3    7  247  295   38.867   40.265 (551)
549 Alfred                         4    5  221  235   38.864   39.071 (592)
550 La Salle                       5    4  154  206   38.858   39.857 (569)
551 Hanover                        5    5  268  281   38.840   38.588 (600)
552 Tiffin                         3    8  222  334   38.818   43.197 (443)
553 William Paterson               3    7  250  372   38.805   43.007 (456)
554 Salve Regina                   4    4  153  158   38.693   38.598 (599)
555 Ripon                          8    2  368  218   38.422   33.059 (681)
556 Marietta                       2    8  160  386   38.385   46.127 (363)
557 Frostburg St                   5    4  278  260   38.376   37.457 (620)
558 Pikeville                      3    7  273  323   38.303   41.530 (514)
559 Geneva                         4    6  290  212   38.161   39.541 (580)
560 Peru State                     5    5  166  177   38.161   36.588 (637)
561 Dubuque                        2    8  178  303   38.078   43.195 (444)
562 Lewis & Clark                  3    6  206  291   37.918   41.777 (505)
563 Rochester                      3    7  185  297   37.909   41.802 (502)
564 Westminster PA                 4    5  125  184   37.883   39.682 (575)
565 Bacone                         5    5  169  323   37.842   39.273 (587)
566 Bethany WV                     6    3  193  111   37.800   33.347 (679)
567 Concordia WI                   6    4  327  207   37.799   35.530 (653)
568 St. Francis IL                 4    6  179  214   37.780   40.469 (543)
569 Southwestern KS                6    4  358  266   37.687   35.553 (652)
570 Heidelberg                     1    9  132  408   37.676   47.676 (334)
571 Lindenwood                     3    8  196  315   37.649   42.099 (490)
572 Ottawa                         6    4  324  233   37.637   36.816 (630)
573 Kalamazoo                      5    4  284  235   37.565   36.341 (645)
574 Bridgewater MA                 5    4  180  178   37.468   36.848 (629)
575 St. John Fisher                4    6  197  238   37.333   39.133 (591)
576 Monmouth IL                    8    2  340  179   37.120   31.535 (692)
577 Guilford                       4    6  161  259   36.886   40.041 (562)
578 Randolph-Macon                 4    6  201  298   36.855   39.755 (573)
579 La Verne                       1    8  148  251   36.753   43.082 (451)
580 Dakota Wesleyan                2    8  182  276   36.753   42.428 (478)
581 Malone                         2    8  160  325   36.704   42.629 (469)
582 East Texas Baptist             5    5  273  339   36.684   37.260 (623)
583 Catholic                       3    7  204  253   36.678   40.449 (544)
584 Case Western                   5    5  316  271   36.519   35.878 (648)
585 Norwich                        3    7  154  168   36.467   39.241 (590)
586 Coast Guard                    2    7  168  219   36.439   40.344 (549)
587 Canisius                       1    9  175  404   36.098   44.633 (399)
588 St. Joseph's                   2    8  110  254   35.898   44.113 (416)
589 Sul Ross State                 3    7  227  324   35.891   39.510 (583)
590 Wooster                        4    6  221  258   35.879   37.572 (615)
591 Louisiana College              4    6  207  258   35.816   37.346 (622)
592 Rose-Hulman                    2    8  198  325   35.745   41.271 (519)
593 Hamline                        2    8  157  269   35.726   42.463 (477)
594 Avila                          2    8  115  268   35.686   42.229 (486)
595 Western New England            3    5  168  195   35.652   38.097 (609)
596 Kean                           2    7  107  290   35.630   42.514 (474)
597 Black Hills State              3    7  210  312   35.593   39.825 (570)
598 Austin College                 3    6  156  164   35.557   38.201 (607)
599 Friends                        5    4  198  192   35.543   34.694 (661)
600 Ferrum                         6    4  223  144   35.542   33.471 (676)
601 Cheyney                        0   10  148  477   35.495   47.907 (332)
602 Siena                          1    8   93  276   35.472   44.008 (422)
603 North Central                  3    7  178  252   35.465   39.651 (577)
604 Gettysburg                     4    6  159  229   35.457   37.860 (611)
605 New Jersey City                1    8  110  268   35.412   43.903 (428)
606 Union KY                       2    7  154  329   35.393   42.097 (491)
607 Cumberland KY                  3    7  224  283   35.357   39.537 (581)
608 Taylor                         2    8  159  299   35.322   41.032 (528)
609 Quincy                         2    8  144  322   35.216   44.088 (418)
610 Dakota State                   2    8  208  346   35.083   41.601 (511)
611 St. John's NY                  1    9   85  268   35.044   44.226 (412)
612 Tabor                          5    5  336  310   35.017   34.439 (664)
613 Bluffton                       5    5  221  235   34.960   35.368 (658)
614 Adrian                         2    8  171  286   34.921   40.579 (539)
615 Waynesburg                     3    7  206  308   34.894   38.756 (598)
616 Concord                        0   10  153  455   34.779   46.091 (366)
617 South Dakota Tech              2    8  197  359   34.603   40.994 (532)
618 Langston                       4    7  241  313   34.303   37.550 (616)
619 Salisbury St                   4    6  228  247   34.262   35.682 (649)
620 Livingstone                    1    8  112  295   34.189   44.169 (414)
621 Lakeland                       4    6  216  232   34.118   36.362 (644)
622 FDU-Madison                    1    9  108  311   34.023   43.629 (435)
623 Olivet Nazarene                2    8  197  337   34.008   39.243 (588)
624 Elmhurst                       2    8  200  410   33.906   40.602 (538)
625 Christopher Newport            5    4  203  193   33.881   34.057 (669)
626 William Penn                   4    6  248  222   33.806   35.450 (656)
627 Sterling                       4    6  151  208   33.721   36.543 (639)
628 Bethel TN                      5    4  224  211   33.624   32.266 (687)
629 MIT                            1    8  170  249   33.512   39.444 (584)
630 Franklin                       3    7  207  363   33.441   38.258 (605)
631 Lebanon Valley                 1    9  160  347   33.356   42.875 (463)
632 Earlham                        4    6  187  256   33.349   36.452 (643)
633 Grinnell                       5    5  300  307   33.083   33.516 (675)
634 Benedictine IL                 4    6  150  222   32.898   35.577 (650)
635 Texas Lutheran                 2    8  221  412   32.888   40.515 (542)
636 Grove City                     2    8  132  176   32.814   37.773 (614)
637 Southern Nazarene              5    4  258  132   32.686   29.250 (697)
638 Minn-Morris                    0   11   99  546   32.452   46.100 (365)
639 Central Methodist              1   10  135  326   32.372   41.663 (509)
640 Greenville                     5    5  308  273   32.363   31.718 (691)
641 Methodist                      5    5  241  235   32.198   32.130 (688)
642 Thiel                          2    8  191  275   32.158   38.161 (608)
643 Illinois College               6    4  250  281   32.136   31.119 (694)
644 Greensboro                     5    5  199  257   31.788   32.308 (686)
645 Ky Wesleyan                    1    9  132  391   31.717   42.018 (492)
646 Pomona-Pitzer                  2    6  167  232   31.674   37.157 (625)
647 Colorado College               3    6  170  225   31.619   35.462 (655)
648 St. Francis PA                 0   10   78  381   31.605   45.703 (373)
649 Urbana                         1    9  137  406   31.543   41.205 (520)
650 Lake Forest                    4    6  202  265   31.452   33.442 (678)
651 Maryville                      2    8  124  303   31.340   38.531 (603)
652 Martin Luther                  4    5  202  198   31.304   31.992 (690)
653 Maine Maritime                 2    7  137  290   31.267   38.206 (606)
654 North Park                     2    8  112  269   31.150   38.762 (597)
655 Franklin & Marshall            1    9   94  354   30.820   41.141 (525)
656 Denison                        2    8  280  468   30.763   37.494 (617)
657 Wisconsin Lutheran             4    5  193  316   30.675   33.645 (674)
658 Mount Ida                      1    8   64  307   30.553   42.165 (487)
659 Mass Maritime                  2    7  120  278   30.548   37.110 (627)
660 Fitchburg St                   2    7  144  258   30.449   36.681 (635)
661 Shenandoah                     5    5  196  235   30.448   31.505 (693)
662 Framingham St                  2    7  175  311   30.395   36.693 (634)
663 Westminster MO                 2    8  188  367   30.175   37.493 (618)
664 Iowa Wesleyan                  1    9   88  347   30.112   40.243 (553)
665 Manchester                     2    8  176  357   29.958   36.501 (641)
666 Chowan                         3    7  241  281   29.910   33.000 (682)
667 Beloit                         3    7  219  295   29.900   33.333 (680)
668 Panhandle St                   0   10   51  481   29.803   45.655 (376)
669 Puget Sound                    0    9   88  397   29.494   44.581 (402)
670 Hiram                          3    7  115  298   29.444   35.554 (651)
671 McPherson                      3    7  218  423   29.411   33.445 (677)
672 Mayville State                 0   10  114  353   29.409   41.552 (512)
673 Edward Waters                  0    8   55  359   29.211   44.185 (413)
674 McMurry                        0    9  153  312   29.198   40.018 (563)
675 Macalester                     1    9  108  360   29.147   41.818 (501)
676 Olivet                         1    9  134  362   28.992   39.006 (593)
677 St. Lawrence                   0   10   87  365   28.599   42.001 (494)
678 St. Mary KS                    1    8  210  383   28.514   35.475 (654)
679 Paul Quinn                     1    3   91  128   28.429   33.827 (673)
680 Rockford                       5    4  146  201   28.365   28.055 (699)
681 Oberlin                        2    8  196  315   28.151   34.191 (666)
682 Knox                           2    7  188  295   28.121   33.833 (672)
683 Carroll WI                     2    7  191  278   27.580   32.075 (689)
684 Bethel KS                      1    9  196  411   27.500   35.298 (659)
685 Apprentice                     2    7  128  316   27.307   33.929 (671)
686 Lawrence                       2    8  177  337   27.289   32.729 (685)
687 Eureka                         1    9  111  461   27.047   38.374 (604)
688 North Greenville               0    9   26  409   26.669   46.748 (352)
689 Carleton                       0   10   79  400   26.581   43.306 (442)
690 Concordia IL                   1    9  127  480   26.398   36.789 (631)
691 Kenyon                         1    9  180  439   26.066   34.447 (663)
692 Mount St. Joseph               0   10  124  351   24.927   36.941 (628)
693 Mt. Senario                    3    7  172  387   24.454   32.976 (683)
694 Trinity Bible                  5    5  184  278   23.251   24.814 (702)
695 Utica                          0    8   66  328   23.124   38.966 (594)
696 SW Assem of God                1    9   93  379   22.748   36.705 (633)
697 Maranatha Baptist              2    7  127  236   22.617   28.001 (700)
698 Averett                        2    7  122  349   22.139   29.145 (698)
699 Principia                      1    4   94  147   19.029   24.751 (703)
700 Blackburn                      0   10   48  473   17.894   35.928 (647)
701 Crown                          0    9  100  278   17.537   29.830 (695)
702 Haskell                        0   11   98  411   16.075   32.845 (684)
703 Gallaudet                      0    4   22  131   14.052   29.423 (696)
