Rnk Team                         WON LOST   PF   PA     RATE      SOS
--- ----                         --- ----  ---  ---  -------  -------
  1 Texas                         13    0  652  213   86.694   74.297 ( 14)
  2 Southern Cal                  12    1  638  297   83.121   74.291 ( 15)
  3 Ohio State                    10    2  392  183   82.675   75.611 (  3)
  4 Penn State                    11    1  413  204   82.411   74.589 ( 11)
  5 Virginia Tech                 11    2  440  168   81.377   73.853 ( 20)
  6 LSU                           11    2  383  185   79.977   72.737 ( 48)
  7 West Virginia                 11    1  385  214   79.717   71.235 ( 60)
  8 Miami FL                       9    3  325  171   79.305   73.760 ( 24)
  9 Alabama                       10    2  263  128   79.043   71.985 ( 55)
 10 Georgia                       10    3  384  213   78.710   73.112 ( 37)
 11 Notre Dame                     9    3  440  294   78.444   73.768 ( 23)
 12 Texas Tech                     9    3  473  226   78.439   71.228 ( 61)
 13 Auburn                         9    3  386  186   78.059   72.320 ( 51)
 14 Oklahoma                       8    4  323  277   78.041   75.864 (  1)
 15 Wisconsin                     10    3  446  309   77.984   73.202 ( 36)
 16 Oregon                        10    2  414  278   77.977   72.760 ( 47)
 17 Florida                        9    3  343  226   77.961   73.434 ( 31)
 18 Boston College                 9    3  310  191   77.948   73.790 ( 21)
 19 Michigan                       7    5  345  244   77.726   75.776 (  2)
 20 UCLA                          10    2  469  410   77.404   72.962 ( 41)
 21 Clemson                        8    4  316  211   77.126   73.322 ( 34)
 22 TCU                           11    1  398  223   77.092   70.345 ( 72)
 23 Florida St                     8    5  376  286   76.788   73.783 ( 22)
 24 Minnesota                      7    5  429  348   76.755   74.570 ( 12)
 25 Nebraska                       8    4  296  252   76.511   73.362 ( 32)
 26 Iowa                           7    5  360  240   76.376   74.261 ( 16)
 27 Louisville                     9    3  521  285   76.296   71.034 ( 67)
 28 Northwestern                   7    5  388  407   76.216   75.259 (  5)
 29 Georgia Tech                   7    5  222  241   75.814   74.717 (  8)
 30 Colorado                       7    6  305  307   75.541   75.080 (  6)
 31 Arizona St                     7    5  442  359   75.340   73.493 ( 30)
 32 Iowa St                        7    5  339  230   75.275   73.015 ( 39)
 33 California                     8    4  395  254   75.045   70.628 ( 71)
 34 North Carolina St              7    5  249  212   75.045   73.102 ( 38)
 35 Virginia                       7    5  320  279   75.004   72.833 ( 45)
 36 Kansas                         7    5  269  264   74.991   73.677 ( 27)
 37 South Carolina                 7    5  284  279   74.628   73.359 ( 33)
 38 Michigan St                    5    6  372  316   74.423   73.968 ( 19)
 39 Maryland                       5    6  270  275   74.409   74.616 (  9)
 40 Purdue                         5    6  330  309   74.305   74.541 ( 13)
 41 North Carolina                 5    6  198  288   74.227   75.377 (  4)
 42 Missouri                       7    5  369  350   73.917   72.961 ( 42)
 43 Texas A&M                      5    6  352  343   73.726   74.608 ( 10)
 44 Tennessee                      5    6  205  205   73.331   73.718 ( 26)
 45 Stanford                       5    6  269  337   72.802   74.034 ( 18)
 46 South Florida                  6    6  276  216   72.609   71.661 ( 57)
 47 Fresno St                      8    5  491  292   72.528   68.681 ( 87)
 48 Kansas St                      5    6  289  305   72.498   72.311 ( 52)
 49 Baylor                         5    6  236  291   72.457   72.998 ( 40)
 50 Tulsa                          9    4  430  305   72.341   68.976 ( 85)
 51 Wake Forest                    4    7  269  316   72.215   74.175 ( 17)
 52 Oregon St                      5    6  293  365   72.075   72.801 ( 46)
 53 Boise St                       9    4  469  317   71.990   68.332 ( 92)
 54 Utah                           7    5  360  289   71.891   70.277 ( 73)
 55 Rutgers                        7    5  344  307   71.598   69.182 ( 83)
 56 Pittsburgh                     5    6  267  243   71.399   71.532 ( 58)
 57 Brigham Young                  6    6  396  351   71.336   71.041 ( 66)
 58 Arkansas                       4    7  283  271   71.285   72.634 ( 49)
 59 Toledo                         9    3  429  261   71.224   66.539 (112)
 60 Washington St                  4    7  368  346   71.153   72.046 ( 54)
 61 Vanderbilt                     5    6  299  321   70.972   71.730 ( 56)
 62 Navy                           8    4  410  313   70.958   67.749 ( 97)
 63 Northern Illinois              7    5  389  274   70.938   67.867 ( 95)
 64 Indiana                        4    7  248  361   70.693   73.515 ( 28)
 65 Colorado St                    6    6  321  369   70.621   71.200 ( 62)
 66 Arizona                        3    8  252  290   70.417   73.266 ( 35)
 67 Southern Miss                  7    5  355  272   70.320   68.555 ( 88)
 68 Nevada                         9    3  410  383   70.253   67.031 (107)
 69 Oklahoma St                    4    7  222  344   70.239   72.957 ( 43)
 70 Central Michigan               6    5  260  260   70.085   69.958 ( 76)
 71 New Mexico                     6    5  326  327   69.987   69.353 ( 78)
 72 San Diego St                   5    7  323  325   69.918   71.083 ( 63)
 73 Miami OH                       7    4  371  258   69.807   67.096 (105)
 74 Louisiana Tech                 7    4  316  281   69.781   67.555 ( 98)
 75 Central Florida                8    5  373  373   69.736   68.401 ( 90)
 76 Memphis                        7    5  326  276   69.607   68.255 ( 93)
 77 Connecticut                    5    6  272  211   69.571   68.387 ( 91)
 78 Grand Valley St               13    0  434  159   69.088   57.625 (164)
 79 UTEP                           8    4  382  311   68.984   65.064 (117)
 80 Houston                        6    6  337  324   68.880   68.404 ( 89)
 81 Washington                     2    9  237  337   68.804   73.758 ( 25)
 82 Bowling Green                  6    5  372  304   68.726   67.219 (104)
 83 Air Force                      4    7  330  349   68.664   70.080 ( 75)
 84 Western Michigan               7    4  354  342   68.597   66.621 (111)
 85 Akron                          7    6  307  318   68.362   67.513 ( 99)
 86 Army                           4    7  220  294   68.263   70.647 ( 70)
 87 Appalachian St                12    3  455  282   68.256   63.105 (120)
 88 Wyoming                        4    7  271  297   68.158   70.125 ( 74)
 89 SMU                            5    6  229  280   68.141   69.046 ( 84)
 90 East Carolina                  5    6  267  317   67.935   69.250 ( 81)
 91 Hawai`i                        5    7  368  428   67.896   69.735 ( 77)
 92 Illinois                       2    9  187  435   67.868   75.014 (  7)
 93 Ball St                        4    7  233  416   67.698   71.078 ( 64)
 94 Cincinnati                     4    7  192  345   67.638   71.349 ( 59)
 95 Kentucky                       3    8  239  375   67.576   72.139 ( 53)
 96 Alabama-Birmingham             5    6  307  264   67.192   66.991 (108)
 97 Mississippi                    3    8  148  245   66.783   71.077 ( 65)
 98 Texas St-San Marcos           11    3  518  284   66.238   59.696 (146)
 99 Northern Iowa                 11    4  449  357   65.969   62.170 (125)
100 Eastern Michigan               4    7  240  295   65.885   67.817 ( 96)
101 Mississippi St                 3    8  153  259   65.871   70.890 ( 69)
102 Marshall                       4    7  204  285   65.803   68.722 ( 86)
103 Ohio U.                        4    7  192  336   65.658   69.328 ( 80)
104 Southern Illinois              9    4  449  298   65.184   59.807 (143)
105 Cal Poly SLO                   9    4  354  232   64.975   61.492 (128)
106 Montana                        8    4  306  218   64.912   62.145 (126)
107 Illinois St                    7    4  431  234   64.574   60.364 (135)
108 Saginaw Valley St             11    2  344  191   64.555   57.468 (165)
109 Louisiana-Lafayette            6    5  286  304   64.554   65.500 (114)
110 Youngstown St                  8    3  306  178   64.472   59.112 (154)
111 Syracuse                       1   10  152  295   64.337   72.557 ( 50)
112 Furman                        11    3  488  383   64.259   60.024 (140)
113 Arkansas St                    6    6  294  303   64.122   64.635 (118)
114 Duke                           1   10  177  408   64.070   72.911 ( 44)
115 Eastern Washington             7    5  420  281   64.038   61.294 (129)
116 Montana St                     7    4  276  251   64.025   62.272 (124)
117 Middle Tennessee St            4    7  210  206   63.926   66.492 (113)
118 UNLV                           2    9  207  381   63.850   69.351 ( 79)
119 North Dakota                  10    3  450  172   63.747   57.467 (166)
120 New Hampshire                 11    2  542  289   63.689   56.876 (173)
121 North Dakota St                7    4  320  151   63.601   59.704 (145)
122 Portland St                    6    5  313  273   63.580   62.839 (121)
123 San José St                    3    8  248  357   63.427   67.060 (106)
124 Louisiana-Monroe               5    6  239  339   63.270   65.238 (116)
125 Utah St                        3    8  208  360   63.242   68.255 ( 94)
126 Georgia Southern               8    4  456  277   63.128   59.685 (150)
127 Nicholls St                    6    4  308  226   62.896   59.788 (144)
128 Carroll MT                    14    0  541  132   62.671   49.905 (280)
129 Richmond                       9    4  349  231   62.638   59.605 (152)
130 Rice                           1   10  241  447   62.613   70.977 ( 68)
131 Massachusetts                  7    4  259  146   62.586   59.071 (155)
132 Troy                           4    7  175  255   62.585   65.459 (115)
133 Florida Int'l                  5    6  257  323   62.508   64.154 (119)
134 Tulane                         2    9  234  348   62.478   67.367 (102)
135 Western Kentucky               6    5  339  292   62.467   59.863 (141)
136 UC-Davis                       6    5  217  184   62.436   61.616 (127)
137 Trinity CT                     8    0  276   36   62.039   47.817 (330)
138 Nebraska-Omaha                 8    3  388  260   61.951   56.862 (174)
139 Idaho                          2    9  243  419   61.702   67.397 (101)
140 Weber St                       6    5  277  277   61.448   60.150 (138)
141 Hofstra                        7    4  338  222   61.440   57.822 (162)
142 Western Carolina               5    4  179  178   61.211   60.256 (137)
143 James Madison                  7    4  391  168   61.131   56.861 (175)
144 South Dakota                   9    2  547  247   60.986   51.479 (244)
145 NW Missouri St                11    4  440  306   60.976   56.402 (177)
146 Brown                          9    1  368  218   60.879   53.535 (223)
147 Eastern Illinois               9    3  319  230   60.876   56.398 (178)
148 Northwestern St                5    5  215  240   60.819   61.000 (133)
149 Northwood                      9    3  399  220   60.742   55.467 (187)
150 North Texas                    2    9  157  346   60.668   66.895 (109)
151 McNeese St                     5    4  221  287   60.482   60.147 (139)
152 Eastern Kentucky               7    4  346  233   60.461   57.421 (167)
153 Temple                         0   11  107  498   60.372   73.498 ( 29)
154 North Alabama                 11    3  509  250   60.345   53.964 (214)
155 South Dakota St                6    5  363  251   60.303   57.352 (168)
156 Florida Atlantic               2    9  148  339   60.287   67.265 (103)
157 Idaho St                       5    6  298  304   60.225   60.281 (136)
158 Central Arkansas              11    3  563  258   60.082   54.113 (212)
159 UW-Whitewater                 14    1  617  245   60.076   50.010 (278)
160 Ashland                        9    2  252  107   60.072   53.796 (218)
161 Western Illinois               5    6  352  371   59.938   59.677 (151)
162 Mount Union                   14    1  620  154   59.918   47.615 (336)
163 Hampton                       11    1  376  168   59.680   49.982 (279)
164 Central Washington             8    2  380  230   59.653   53.932 (215)
165 St Cloud St                    8    3  334  220   59.583   53.884 (216)
166 Princeton                      7    3  245  163   59.422   56.155 (181)
167 Chattanooga                    6    5  245  339   59.399   59.326 (153)
168 Minnesota-Duluth               8    4  358  301   59.357   55.285 (190)
169 Washburn                       9    3  430  329   59.171   54.996 (197)
170 Harvard                        7    3  310  224   59.093   55.812 (183)
171 Buffalo                        1   10  110  327   59.059   67.493 (100)
172 Wofford                        6    5  249  292   58.936   59.691 (149)
173 Pittsburg St                  10    4  655  367   58.705   53.149 (228)
174 Stephen F. Austin              5    6  324  380   58.674   59.692 (147)
175 Kent St                        1   10  180  331   58.659   66.650 (110)
176 Missouri Western               9    3  344  234   58.623   53.754 (219)
177 Delaware                       6    5  274  264   58.569   58.306 (160)
178 Missouri St                    4    6  273  312   58.536   59.692 (148)
179 Coastal Carolina               9    2  338  220   58.477   51.581 (243)
180 New Mexico St                  0   12  198  465   58.447   69.198 ( 82)
181 St Francis IN                 13    1  533  168   58.379   45.626 (376)
182 Lafayette                      8    4  273  204   58.301   54.662 (201)
183 Presbyterian                  10    2  402  170   58.279   51.061 (252)
184 Michigan Tech                  6    3  232  163   58.131   55.280 (192)
185 San Diego                     11    1  511  205   58.104   46.012 (364)
186 Bloomsburg                    11    1  466  210   58.026   47.470 (340)
187 Grambling St                  11    1  529  236   57.980   49.470 (295)
188 The Citadel                    4    7  194  316   57.968   61.263 (130)
189 Valdosta St                    9    3  338  249   57.968   53.805 (217)
190 Colgate                        8    4  283  245   57.905   54.435 (208)
191 Lehigh                         8    3  399  228   57.903   53.097 (229)
192 South Carolina St              9    2  378  166   57.889   51.311 (250)
193 East Stroudsburg              11    3  596  341   57.851   51.243 (251)
194 Jacksonville St                6    5  292  224   57.850   56.302 (179)
195 Maine                          5    6  216  283   57.846   59.031 (156)
196 Sam Houston St                 3    7  270  288   57.795   60.949 (134)
197 Linfield                      10    1  527  187   57.707   46.073 (361)
198 Delta St                       7    4  360  286   57.703   54.536 (205)
199 William & Mary                 5    6  358  283   57.670   57.286 (170)
200 Central Missouri               7    3  400  175   57.635   52.112 (238)
201 SE Louisiana St                4    6  279  275   57.394   58.469 (158)
202 Northern Arizona               3    8  233  328   57.165   61.205 (131)
203 Cornell NY                     6    4  268  180   57.003   54.159 (210)
204 Northern Colorado              4    7  255  285   56.787   58.669 (157)
205 St John's MN                  11    1  504  157   56.531   45.422 (386)
206 Sacramento St                  2    9  192  352   56.131   62.692 (122)
207 Dayton                         9    1  403  141   55.894   44.873 (404)
208 Towson                         6    5  345  372   55.748   54.616 (203)
209 West Georgia                   7    4  305  202   55.737   52.794 (232)
210 Yale                           4    6  228  207   55.717   56.130 (182)
211 Morningside                   12    1  550  192   55.638   45.429 (385)
212 Edinboro                       8    2  314   93   55.494   46.440 (354)
213 Colby                          7    1  206  114   55.424   47.817 (329)
214 Villanova                      4    7  257  350   55.392   58.371 (159)
215 Rhode Island                   4    7  312  306   55.272   56.802 (176)
216 Indianapolis                   6    5  201  201   55.264   55.514 (186)
217 Northeastern                   2    9  248  340   55.102   59.824 (142)
218 Tennessee-Martin               6    5  297  319   55.082   55.092 (195)
219 Pennsylvania                   5    5  269  204   54.821   54.157 (211)
220 Hillsdale                      5    6  240  229   54.786   55.785 (184)
221 Capital                       10    3  412  177   54.785   47.722 (332)
222 Amherst                        5    3  201   98   54.766   50.139 (270)
223 Delaware St                    7    4  225  213   54.712   52.664 (233)
224 C.W. Post                     10    3  552  319   54.706   47.836 (327)
225 West Texas A&M                10    2  484  353   54.689   49.425 (296)
226 West Chester                   8    4  400  264   54.665   50.240 (268)
227 Carson-Newman                  8    2  332  163   54.495   47.822 (328)
228 Holy Cross                     6    5  317  263   54.352   53.070 (230)
229 Harding                        6    5  246  234   54.280   53.559 (222)
230 Shepherd                      11    1  418  142   54.099   42.819 (459)
231 Elon                           3    8  173  281   54.052   57.683 (163)
232 Ohio Northern                  8    2  405  149   54.021   45.297 (388)
233 Augustana SD                   6    5  295  289   53.954   52.585 (234)
234 Nebraska-Kearney               9    3  439  264   53.931   49.003 (311)
235 Williams                       6    2  215  153   53.883   49.160 (308)
236 Samford                        5    6  279  322   53.738   55.007 (196)
237 Arkansas Tech                  7    3  280  295   53.576   51.418 (249)
238 Angelo St                      9    3  378  344   53.438   50.098 (274)
239 Sioux Falls                   11    2  450  234   53.374   46.265 (359)
240 California PA                  8    2  421  141   53.310   45.472 (384)
241 Wayne St MI                    3    7  158  224   53.221   57.314 (169)
242 Southern Utah                  1    9  126  328   53.199   61.185 (132)
243 Concordia-St Paul              9    3  424  297   53.104   48.535 (317)
244 Southern Arkansas              6    5  327  267   53.091   51.807 (240)
245 Ferris St                      3    8  258  355   53.071   57.944 (161)
246 Western Washington             4    6  236  288   52.996   55.188 (193)
247 Augustana IL                  10    2  410  218   52.925   45.965 (365)
248 Tarleton St                    7    3  267  185   52.919   49.295 (301)
249 Florida A&M                    6    5  196  261   52.883   54.051 (213)
250 Bowdoin                        6    2  131  124   52.838   49.160 (307)
251 SE Oklahoma St                 8    2  314  198   52.673   47.272 (345)
252 Midwestern St                  6    4  358  260   52.377   50.107 (273)
253 Winona St                      8    3  413  224   52.350   47.622 (335)
254 UW-Eau Claire                  6    4  221  179   52.337   50.433 (262)
255 Concordia-Moorhead            10    2  384  203   52.311   43.770 (433)
256 Albany St GA                   8    2  304  203   52.226   46.238 (360)
257 Montana Tech                   9    4  253  262   52.222   50.266 (267)
258 Alabama A&M                    9    3  299  224   52.218   48.013 (324)
259 Tuskegee                      11    1  370  193   52.141   44.392 (414)
260 Drake                          6    4  376  229   52.023   47.781 (331)
261 Emporia St                     4    6  240  264   51.962   53.721 (220)
262 Bethune-Cookman                7    4  384  251   51.926   48.700 (314)
263 Tennessee Tech                 4    7  269  351   51.782   54.656 (202)
264 Azusa Pacific                  6    4  221  214   51.762   50.843 (256)
265 North Central                  9    2  412  199   51.729   44.048 (426)
266 Missouri Southern              3    7  267  314   51.663   54.500 (207)
267 Dartmouth                      2    8  126  260   51.472   57.114 (171)
268 Henderson St                   3    8  246  350   51.390   54.603 (204)
269 Alabama St                     6    5  358  255   51.355   49.727 (284)
270 Slippery Rock                  5    5  259  251   51.289   51.685 (242)
271 VMI                            3    8  230  319   51.275   55.280 (191)
272 UW-La Crosse                   5    4  238  198   51.242   50.367 (264)
273 Colorado Mines                 6    5  374  334   51.240   50.331 (265)
274 Western Oregon                 5    6  247  328   51.237   52.416 (236)
275 North Carolina Central        10    2  370  231   51.197   45.174 (394)
276 TAMU-Kingsville                6    4  307  235   51.184   49.213 (306)
277 John Carroll                   7    3  303  202   51.116   46.042 (363)
278 Wesley                        12    2  581  277   50.964   42.918 (454)
279 Mary Hardin-Baylor             9    2  443  141   50.910   43.063 (450)
280 Fort Lewis                     6    4  296  306   50.899   49.873 (282)
281 Southern Conn St               8    3  507  274   50.805   45.697 (373)
282 SE Missouri St                 2    9  268  374   50.732   56.179 (180)
283 Gardner-Webb                   5    6  386  367   50.573   50.553 (261)
284 Central IA                     9    2  304  198   50.525   44.678 (410)
285 Bentley                        7    3  341  248   50.521   45.944 (366)
286 Eastern New Mexico             5    6  307  330   50.490   50.772 (258)
287 Northern Michigan              2    8  231  394   50.468   56.922 (172)
288 Montana St-Northern            5    5  256  244   50.444   50.739 (260)
289 Abilene Christian              4    6  253  268   50.417   50.987 (253)
290 Newberry                       5    4  272  241   50.382   49.306 (300)
291 Eastern Oregon                 6    3  187  208   50.372   48.766 (313)
292 Mercyhurst                     2    8  220  341   50.308   55.713 (185)
293 Wabash                        11    1  405  128   50.277   39.399 (570)
294 Rowan                         11    2  370  196   50.240   44.119 (423)
295 Indiana St                     0   11  193  476   50.237   62.533 (123)
296 Findlay                        3    8  236  339   50.222   54.507 (206)
297 Catawba                        6    5  278  227   50.107   48.658 (315)
298 Indiana PA                     5    5  197  224   50.086   50.425 (263)
299 Minn St-Mankato                2    9  262  268   50.062   54.840 (198)
300 TAMU-Commerce                  5    5  219  183   50.031   49.346 (298)
301 Morehead St                    8    4  407  336   50.011   46.905 (347)
302 Humboldt St                    5    6  251  212   49.975   49.031 (310)
303 St Augustine's                 8    2  250  135   49.923   42.830 (458)
304 St Olaf                        8    2  408  232   49.876   42.164 (482)
305 St Xavier                      9    3  393  245   49.849   44.561 (412)
306 Gannon                         3    8  204  365   49.815   55.416 (188)
307 Charleston Southern            7    4  313  303   49.806   47.627 (334)
308 UW-Oshkosh                     7    3  245  230   49.800   47.488 (339)
309 McKendree                      8    3  336  116   49.618   43.738 (434)
310 Otterbein                      7    3  236  227   49.473   46.070 (362)
311 Middlebury                     3    5  153  141   49.449   51.456 (246)
312 Bemidji St                     7    3  353  268   49.428   45.610 (378)
313 UW-Stout                       6    4  275  173   49.422   46.479 (352)
314 Adams St                       6    5  309  282   49.311   48.373 (320)
315 Mississippi Valley St          6    5  360  292   49.293   48.453 (319)
316 Chadron St                     4    6  304  235   49.247   49.666 (287)
317 Alcorn St                      6    5  253  282   49.225   49.080 (309)
318 Murray St                      2    9  218  377   49.033   55.380 (189)
319 Millersville                   5    6  220  238   48.843   49.246 (305)
320 Monmouth NJ                    6    4  266  190   48.715   46.673 (351)
321 Lenoir-Rhyne                   5    5  168  222   48.674   49.610 (291)
322 Mars Hill                      4    6  187  241   48.667   50.980 (254)
323 Northern St SD                 6    5  288  255   48.656   47.310 (344)
324 Shippensburg                   4    7  221  269   48.529   50.301 (266)
325 Occidental                     9    1  392  249   48.515   39.403 (568)
326 Duquesne                       7    3  264  161   48.491   44.549 (413)
327 Wingate                        5    5  271  226   48.486   47.414 (342)
328 Wheaton                        7    3  323  172   48.394   43.946 (428)
329 Coe                            9    2  331  180   48.370   41.975 (486)
330 Central Conn St                7    4  273  274   48.350   46.822 (348)
331 Carthage                       7    3  249  143   48.291   43.648 (436)
332 Columbia                       2    8  116  337   48.255   55.132 (194)
333 Delaware Valley               12    1  450  237   48.240   39.641 (559)
334 Southern U.                    4    5  250  239   48.238   48.898 (312)
335 Trinity TX                     9    1  255  118   48.184   40.272 (536)
336 Georgetown DC                  4    7  110  292   48.179   52.576 (235)
337 Ouachita Baptist               2    8  238  359   48.130   53.328 (226)
338 Union NY                      11    1  369  229   48.074   40.311 (535)
339 Bryant                         7    3  312  245   48.034   42.210 (478)
340 Marist                         7    4  305  283   47.978   46.470 (353)
341 North Carolina A&T             3    8  188  276   47.922   51.787 (241)
342 Albany NY                      5    6  188  194   47.920   49.608 (293)
343 SW Baptist                     3    8  258  500   47.883   53.677 (221)
344 Fort Valley St                 7    3  223  207   47.826   45.073 (397)
345 Hardin-Simmons                 8    2  329  187   47.802   41.835 (492)
346 DePauw                         7    2  277  114   47.786   41.388 (506)
347 Northwestern IA                8    3  357  239   47.737   44.329 (415)
348 Mesa St                        5    6  263  285   47.654   48.067 (323)
349 Truman St                      2    9  206  413   47.635   54.421 (209)
350 Howard                         4    7  173  228   47.635   50.121 (272)
351 Glenville St                   9    2  432  173   47.630   39.442 (566)
352 Virginia St                    6    4  254  200   47.618   45.667 (375)
353 Norfolk St                     4    7  292  346   47.517   49.807 (283)
354 Central Oklahoma               3    7  281  288   47.478   50.087 (275)
355 Dickinson St                   7    4  271  144   47.464   44.223 (419)
356 Tabor                         11    1  457  216   47.386   38.404 (600)
357 St Joseph's                    7    4  265  222   47.385   44.893 (403)
358 Tufts                          2    6  109  153   47.378   51.428 (248)
359 Tiffin                         6    5  267  230   47.278   45.916 (367)
360 Mary                           7    2  228  107   47.138   41.346 (507)
361 St Ambrose                     8    3  344  230   47.093   42.126 (484)
362 UW-Stevens Point               4    6  188  249   47.057   49.263 (303)
363 Stony Brook                    6    5  220  270   47.033   47.457 (341)
364 Whitworth                      5    3  306  232   46.968   44.246 (418)
365 Hobart                         9    2  314  182   46.939   40.481 (532)
366 Cal Lutheran                   8    1  330  170   46.919   39.186 (576)
367 Winston-Salem St               6    4  231  215   46.916   45.068 (398)
368 Bowie St                       8    4  311  212   46.787   42.710 (461)
369 Georgetown KY                  9    3  465  263   46.768   42.374 (471)
370 Tennessee St                   2    9  136  303   46.766   53.414 (225)
371 Cortland St                    7    3  268  155   46.532   42.426 (468)
372 Fayetteville St                6    4  302  218   46.398   44.134 (422)
373 Valley City St                 7    3  251  142   46.297   42.250 (477)
374 Missouri-Rolla                 7    4  379  285   46.287   43.048 (451)
375 UW-River Falls                 3    7  200  263   46.161   49.611 (290)
376 Fordham                        2    9  150  320   46.119   53.028 (231)
377 Arkansas-Pine Bluff            3    8  238  296   46.115   49.661 (288)
378 Thiel                         11    1  395  198   46.098   38.237 (606)
379 Willamette                     5    4  239  300   46.072   45.906 (368)
380 Montana-Western                2    9  185  388   46.040   53.510 (224)
381 RPI                            8    2  335  189   46.027   39.028 (580)
382 Bucknell                       1   10  179  332   45.847   53.180 (227)
383 Tusculum                       3    7  143  218   45.844   49.898 (281)
384 Walsh                          8    3  306  187   45.840   41.868 (491)
385 Evangel                        9    3  409  346   45.837   41.985 (485)
386 Prairie View A&M               5    6  229  296   45.837   46.749 (349)
387 Bethel MN                      5    5  242  188   45.785   45.254 (389)
388 Elmhurst                       6    4  311  256   45.662   41.660 (496)
389 Howard Payne                   7    3  306  250   45.604   42.473 (466)
390 Liberty                        1   10  146  348   45.532   54.751 (200)
391 Western New Mexico             5    5  247  248   45.486   45.337 (387)
392 Monmouth IL                   10    1  447  226   45.411   36.340 (649)
393 Morgan St                      2    9  248  375   45.398   50.853 (255)
394 Black Hills St                 7    3  281  183   45.392   40.927 (517)
395 Ithaca                         8    3  422  288   45.323   40.555 (529)
396 Geneva                         8    4  331  262   45.295   42.661 (463)
397 Graceland                      9    3  382  253   45.253   40.639 (527)
398 Salisbury                      8    3  442  303   45.208   41.654 (497)
399 American Int'l                 5    4  181  202   44.994   45.235 (390)
400 East Central OK                3    7  199  275   44.972   48.264 (322)
401 Midland Lutheran               6    4  238  298   44.943   44.997 (402)
402 St Thomas                      4    5  239  237   44.880   45.488 (381)
403 Millikin                       5    5  237  282   44.834   45.492 (380)
404 Bridgewater VA                10    2  445  328   44.831   39.183 (577)
405 Wartburg                       7    3  225  211   44.812   42.141 (483)
406 Wayne St NE                    4    7  241  290   44.720   47.375 (343)
407 Wilkes                         8    3  299  210   44.705   40.853 (522)
408 Marietta                       5    5  197  316   44.687   45.814 (371)
409 Arkansas-Monticello            1   10  160  491   44.672   54.768 (199)
410 Sacred Heart                   4    6  239  287   44.671   46.382 (356)
411 Northeastern St OK             2    8  190  322   44.587   49.694 (286)
412 Wagner                         6    5  287  294   44.580   44.073 (425)
413 Webber Int'l                   6    2  244  153   44.539   39.974 (553)
414 St John Fisher                 8    3  442  197   44.530   38.127 (608)
415 Davidson                       4    6  201  237   44.507   45.828 (370)
416 West Alabama                   2    9  196  329   44.507   50.808 (257)
417 William Penn                   6    5  273  267   44.477   44.105 (424)
418 Jacksonville FL                4    4  236  211   44.325   44.217 (420)
419 Mt St Joseph                   9    2  366  189   44.310   38.575 (595)
420 Nebraska Wesleyan              5    5  207  256   44.278   45.063 (399)
421 Kentucky St                    6    5  245  231   44.139   43.519 (441)
422 Bates                          2    6  116  224   44.123   50.139 (270)
423 Texas Southern                 1   10  222  385   44.058   52.157 (237)
424 Stillman                       6    4  229  180   44.029   42.291 (474)
425 Widener                        8    3  320  228   44.026   40.143 (542)
426 Jackson St                     2    9  201  365   44.006   50.069 (276)
427 Redlands                       5    4  255  210   43.985   42.189 (480)
428 Charleston WV                  8    3  283  194   43.935   39.725 (557)
429 Baldwin-Wallace                4    6  171  198   43.932   46.377 (357)
430 Luther                         6    4  289  245   43.885   42.200 (479)
431 Brockport St                   5    5  203  187   43.884   43.793 (431)
432 Rocky Mountain                 1   10  181  363   43.845   51.876 (239)
433 MidAmerica Nazarene            7    3  253  189   43.662   40.074 (547)
434 Ferrum                         9    2  439  301   43.626   38.114 (610)
435 Wash & Jeff                    9    2  461  181   43.617   35.919 (659)
436 Clarion                        3    7  101  316   43.600   49.260 (304)
437 Concordia NE                   4    6  216  229   43.514   45.140 (396)
438 Kutztown                       2    8  190  258   43.512   49.322 (299)
439 Bethel TN                      7    4  398  242   43.504   40.047 (549)
440 Shaw                           5    5  246  280   43.490   43.994 (427)
441 East Texas Baptist             6    4  205  250   43.438   42.874 (457)
442 Langston                       7    3  347  169   43.391   39.021 (581)
443 Hampden-Sydney                 8    2  450  252   43.385   37.709 (624)
444 Alfred                         9    2  326  171   43.330   36.916 (640)
445 Methodist                      8    2  365  257   43.287   38.145 (607)
446 Benedict                       6    5  256  237   43.267   42.479 (465)
447 Illinois Wesleyan              3    7  156  268   43.115   46.677 (350)
448 Hastings                       4    6  241  274   43.109   45.180 (393)
449 Albion                         7    4  402  192   43.093   38.500 (597)
450 Lakeland                       8    3  391  226   43.084   36.139 (654)
451 St Norbert                     8    2  381  196   43.005   36.723 (642)
452 Texas Lutheran                 5    5  288  245   42.929   42.435 (467)
453 Dana                           5    6  272  329   42.857   44.327 (416)
454 Olivet Nazarene                6    6  273  223   42.850   42.309 (472)
455 Merrimack                      4    6  259  307   42.702   43.406 (444)
456 Assumption                     4    6  164  267   42.683   44.998 (401)
457 Lindenwood                     7    4  287  200   42.636   40.419 (534)
458 Fort Hays St                   2    8  137  383   42.569   49.603 (294)
459 UW-Platteville                 1    9  191  333   42.545   49.719 (285)
460 Washington and Lee             7    3  299  191   42.525   38.595 (594)
461 Christopher Newport            6    4  319  205   42.473   39.455 (565)
462 Benedictine KS                 6    4  266  223   42.422   40.198 (540)
463 Puget Sound                    4    5  199  248   42.413   43.636 (437)
464 Cumberlands KY                 8    3  345  301   42.398   39.262 (573)
465 Simpson                        5    5  221  167   42.363   41.949 (487)
466 La Verne                       5    4  248  263   42.357   41.729 (495)
467 Stonehill                      4    6  187  289   42.347   45.031 (400)
468 St Francis PA                  3    8  287  343   42.287   45.188 (392)
469 Western St                     2    9  134  362   42.248   49.641 (289)
470 William Jewell                 6    4  254  223   42.243   40.215 (539)
471 Robert Morris                  2    8  243  256   42.059   45.691 (374)
472 Quincy                         5    6  268  357   42.058   44.310 (417)
473 Ohio Wesleyan                  7    3  236  191   41.969   38.938 (587)
474 Minot St                       4    6  174  208   41.942   43.512 (442)
475 Montclair St                   5    5  191  205   41.925   42.295 (473)
476 Buena Vista                    5    5  192  241   41.904   42.262 (475)
477 SW Minnesota St                4    7  221  302   41.845   44.830 (405)
478 Centre                         7    3  253  227   41.812   39.390 (571)
479 Wittenberg                     5    5  312  205   41.810   40.532 (530)
480 Miles                          4    7  211  216   41.786   43.621 (439)
481 West Liberty St                6    5  288  263   41.753   40.801 (523)
482 Moravian                       7    4  293  229   41.721   39.159 (578)
483 Gustavus Adolphus              3    7  164  241   41.622   45.897 (369)
484 Adrian                         8    2  359  185   41.617   35.285 (664)
485 Averett                        7    3  345  315   41.573   38.991 (584)
486 Upper Iowa                     3    8  161  330   41.474   47.526 (338)
487 Pikeville                      7    3  297  261   41.363   39.372 (572)
488 Fairmont St                    4    6  215  194   41.215   43.591 (440)
489 Hamilton                       1    7   96  295   41.195   51.428 (247)
490 Huntingdon                     7    2  306  171   41.182   35.622 (661)
491 Southern Nazarene              6    4  249  203   41.135   39.238 (574)
492 Pace                           3    7  188  277   41.120   44.762 (407)
493 Lycoming                       6    4  171  184   41.100   39.914 (555)
494 Pacific Lutheran               3    6  262  291   41.098   43.654 (435)
495 Southern Oregon                1    9  166  303   41.098   49.391 (297)
496 Johns Hopkins                  8    3  177  147   41.042   37.746 (623)
497 Chicago                        5    4  226  116   41.028   37.750 (622)
498 Friends                        7    3  314  188   40.914   37.077 (633)
499 New Mexico Highlands           1   10  274  483   40.833   47.960 (325)
500 Texas College                  6    4  239  228   40.764   39.495 (564)
501 Western Conn St                6    4  306  233   40.745   38.005 (613)
502 Jamestown                      3    7  188  162   40.713   42.876 (456)
503 Frostburg St                   6    5  203  197   40.661   40.422 (533)
504 Kansas Wesleyan                8    2  226  182   40.649   36.590 (645)
505 Briar Cliff                    4    7  158  305   40.632   44.159 (421)
506 Iona                           3    7  171  280   40.549   45.160 (395)
507 Missouri Valley                5    6  311  249   40.467   40.025 (551)
508 Dakota St                      4    6  179  202   40.442   41.825 (493)
509 Urbana                         6    5  283  301   40.409   40.925 (518)
510 Lock Haven                     2    9   88  431   40.388   50.238 (269)
511 Washington U.                  6    4  168  168   40.371   40.026 (550)
512 McMurry                        5    5  286  360   40.367   40.868 (521)
513 Pomona-Pitzer                  4    5  206  195   40.305   40.139 (543)
514 NW Oklahoma St                 4    5  255  180   40.281   40.053 (548)
515 King's PA                      5    5  272  235   40.257   39.835 (556)
516 SW Oklahoma St                 1   10  126  325   40.256   48.653 (316)
517 Buffalo St                     3    6  186  264   40.215   42.694 (462)
518 Doane                          2    8  155  262   40.148   45.476 (383)
519 Hope                           5    5  254  254   40.099   39.426 (567)
520 Morehouse                      3    7  257  304   40.049   43.632 (438)
521 Wilmington                     2    8  113  314   39.934   47.581 (337)
522 Concordia AL                   4    4  161  245   39.932   41.339 (508)
523 Muskingum                      2    8  127  220   39.907   46.919 (346)
524 St Paul's                      4    6  171  201   39.882   41.303 (509)
525 Rochester                      4    6  260  246   39.874   40.631 (528)
526 Sewanee                        5    5  151  223   39.855   41.000 (516)
527 WPI                            6    3  215  208   39.796   36.639 (644)
528 Louisiana College              4    5  320  340   39.712   40.515 (531)
529 Alma                           6    4  345  304   39.610   36.990 (639)
530 Minn St-Moorhead               1    9  132  369   39.594   50.042 (277)
531 Clark Atlanta                  3    8  197  258   39.443   43.426 (443)
532 Kean                           4    6  201  248   39.409   41.434 (503)
533 Loras                          3    7  179  168   39.380   40.923 (519)
534 Carleton                       4    6  178  290   39.304   42.398 (469)
535 Elizabeth City St              2    8  122  193   39.269   44.793 (406)
536 Union KY                       4    6  277  413   39.238   43.227 (448)
537 North Park                     3    7  135  287   39.207   43.153 (449)
538 Virginia Union                 3    7  196  346   39.193   42.981 (453)
539 Albright                       5    5  267  276   38.981   39.016 (582)
540 Guilford                       5    5  336  358   38.946   38.958 (586)
541 Sterling                       5    4  248  192   38.929   37.786 (619)
542 Wesleyan                       0    8   94  259   38.905   51.456 (245)
543 Bacone                         4    6  180  263   38.877   41.409 (505)
544 Carroll WI                     6    4  339  230   38.767   35.968 (658)
545 Trinity Int'l                  3    7  173  278   38.739   42.728 (460)
546 Defiance                       6    4  230  220   38.729   37.753 (621)
547 Dakota Wesleyan                1    9  178  327   38.679   45.623 (377)
548 Panhandle St                   1   10   89  480   38.677   50.743 (259)
549 La Salle                       4    7  266  373   38.613   41.472 (501)
550 Springfield                    4    6  312  301   38.562   40.022 (552)
551 Concordia WI                   7    3  353  174   38.467   32.534 (684)
552 Thomas More                    5    5  164  168   38.334   38.471 (599)
553 Iowa Wesleyan                  3    8  164  333   38.327   43.894 (429)
554 Augsburg                       1    9  177  392   38.186   46.425 (355)
555 Valparaiso                     3    8  187  424   38.070   45.576 (379)
556 William Paterson               5    5  139  175   37.981   38.020 (612)
557 Austin Peay                    2    9  140  412   37.977   45.802 (372)
558 Culver-Stockton                3    7  182  246   37.954   40.644 (525)
559 Cheyney                        2    9  117  387   37.928   48.265 (321)
560 Northwestern MN                8    3  387  152   37.868   27.940 (690)
561 Concord                        4    7  206  308   37.757   41.435 (502)
562 Malone                         3    7  197  317   37.748   42.986 (452)
563 Franklin                       5    5  305  253   37.690   36.865 (641)
564 Minnesota-Crookston            1   10  128  562   37.667   49.609 (292)
565 Wooster                        6    4  242  235   37.658   36.537 (646)
566 Baker                          3    8  275  347   37.606   40.717 (524)
567 New Jersey                     3    7  168  232   37.597   41.165 (512)
568 Sul Ross St                    3    7  266  329   37.596   40.904 (520)
569 Mansfield                      1   10  199  492   37.480   48.489 (318)
570 Franklin & Marshall            5    6  147  194   37.476   38.904 (588)
571 Central Methodist              3    8  202  354   37.423   41.206 (510)
572 Hamline                        3    7  151  229   37.404   41.621 (498)
573 Mississippi College            2    8  241  319   37.143   41.906 (490)
574 Belhaven                       5    6  350  384   37.117   38.643 (593)
575 Rose-Hulman                    5    5  243  278   37.014   37.011 (638)
576 St Mary KS                     5    5   97  127   36.998   37.468 (627)
577 St Francis IL                  2    9  136  349   36.849   43.799 (430)
578 Utica                          6    4  226  278   36.813   34.899 (667)
579 WV Wesleyan                    3    8  269  466   36.775   42.253 (476)
580 FDU-Florham                    4    6  235  346   36.712   39.204 (575)
581 Savannah St                    0   11  215  480   36.681   49.265 (302)
582 Maryville                      3    7  246  330   36.665   39.538 (561)
583 Hanover                        4    6  263  329   36.658   38.540 (596)
584 Ohio Dominican                 3    7  222  346   36.657   41.947 (488)
585 Apprentice                     4    6  147  242   36.655   38.997 (583)
586 Olivet                         5    5  265  269   36.630   36.042 (656)
587 St Peter's                     1    9  200  379   36.627   43.792 (432)
588 North Carolina Wesleyan        4    6  268  310   36.604   38.115 (609)
589 Paul Quinn                     3    6  149  257   36.560   40.257 (538)
590 Waynesburg                     4    6  232  186   36.539   37.249 (630)
591 Carnegie Mellon                5    5  248  207   36.455   36.325 (650)
592 McDaniel                       5    5  210  216   36.385   36.679 (643)
593 Claremont-Mudd-Scripps         3    6  199  286   36.381   40.087 (545)
594 North Greenville               2    8  279  313   36.379   41.069 (513)
595 Lambuth                        5    6  219  339   36.340   38.834 (589)
596 Allegheny                      3    7  247  218   36.264   38.313 (602)
597 Rhodes                         2    8  200  214   36.169   40.179 (541)
598 Ottawa                         5    5  191  253   36.155   37.432 (629)
599 Dubuque                        2    8  206  304   36.143   40.644 (526)
600 Merchant Marine                3    7  172  257   36.100   39.967 (554)
601 Gettysburg                     4    6  182  243   36.014   37.644 (626)
602 Anderson                       5    5  239  234   36.005   36.285 (651)
603 Denison                        5    5  275  259   35.964   36.179 (653)
604 St Lawrence                    2    7  183  231   35.936   40.259 (537)
605 Cornell IA                     2    8  151  287   35.820   41.907 (489)
606 McPherson                      5    5  218  311   35.819   37.073 (634)
607 Livingstone                    1    9  160  375   35.794   44.655 (411)
608 Edward Waters                  2    7  130  334   35.782   42.542 (464)
609 Ursinus                        4    6  191  227   35.687   37.064 (635)
610 Lane                           0   10  191  384   35.680   45.483 (382)
611 Beloit                         5    5  292  256   35.649   35.381 (663)
612 Lebanon Valley                 2    8  242  295   35.640   40.107 (544)
613 Muhlenberg                     3    7  138  142   35.609   38.350 (601)
614 Chapman                        2    7  165  296   35.587   42.386 (470)
615 Westminster PA                 4    6  150  242   35.556   38.688 (592)
616 Waldorf                        2    9  105  327   35.540   43.251 (447)
617 Ripon                          6    4  274  246   35.444   33.644 (679)
618 Kenyon                         6    4  254  295   35.412   34.813 (669)
619 Dickinson                      4    6  196  266   35.380   37.795 (618)
620 Allen                          4    4  172  234   35.302   37.021 (637)
621 Case Western Reserve           3    7  147  206   35.292   38.305 (603)
622 Millsaps                       2    7  155  315   35.278   41.005 (515)
623 Lincoln MO                     2    7   71  310   35.188   42.888 (455)
624 Bluffton                       3    7  223  280   35.014   37.933 (615)
625 Southwestern KS                3    7  265  332   34.880   38.068 (611)
626 Kentucky Wesleyan              3    7  216  319   34.831   37.985 (614)
627 Bethel KS                      3    7  275  295   34.792   37.175 (631)
628 Kalamazoo                      4    6  182  348   34.693   38.237 (605)
629 Shorter                        2    8  241  309   34.689   38.975 (585)
630 Butler                         0   11  154  468   34.624   47.685 (333)
631 Whittier                       2    7  197  248   34.490   39.401 (569)
632 Susquehanna                    2    8  161  309   34.486   40.074 (546)
633 Campbellsville                 2    8  268  421   34.359   39.587 (560)
634 Virginia-Wise                  4    7  256  330   34.334   37.041 (636)
635 Catholic                       2    8  269  337   34.268   39.496 (563)
636 Mayville St                    2    8  107  359   34.234   41.582 (499)
637 St Anselm                      1    9  127  376   34.201   44.683 (409)
638 Grove City                     3    7  122  191   34.122   37.701 (625)
639 West Virginia St               2    9  151  324   34.067   41.067 (514)
640 Lawrence                       4    5  242  236   33.954   35.134 (666)
641 Heidelberg                     0   10  142  530   33.666   47.939 (326)
642 Seton Hill                     1    9  147  347   33.644   41.411 (504)
643 Austin                         1    9  108  356   33.589   43.368 (446)
644 Central St OH                  1    5   54  166   33.585   41.800 (494)
645 Aurora                         5    5  195  205   33.363   32.159 (685)
646 Johnson C. Smith               0   10  106  262   33.272   44.699 (408)
647 Shenandoah                     2    8  155  310   33.119   38.802 (590)
648 Bridgewater St MA              9    1  397  155   32.961   23.052 (706)
649 Randolph-Macon                 2    8  181  285   32.842   37.827 (616)
650 Martin Luther                  6    3  199  115   32.803   27.386 (692)
651 Hartwick                       4    6  375  388   32.722   33.743 (676)
652 Haskell                        4    7  164  273   32.680   34.523 (671)
653 Bethany KS                     2    8  171  292   32.479   37.799 (617)
654 Chowan                         2    8  208  402   32.379   38.487 (598)
655 Cumberland TN                  2    8  261  356   32.350   36.523 (647)
656 Taylor                         0   10  159  407   32.120   43.396 (445)
657 Greenville                     4    6  229  244   31.971   33.699 (678)
658 Coast Guard                    2    7  104  180   31.853   37.461 (628)
659 Greensboro                     1    9  187  342   31.851   39.152 (579)
660 South Dakota Tech              1    9   82  339   31.789   42.169 (481)
661 Oberlin                        3    7  235  255   31.582   34.821 (668)
662 Lake Forest                    4    6  166  270   31.577   34.031 (675)
663 Peru St                        1   10  106  337   31.471   39.503 (562)
664 Emory & Henry                  1    9  104  369   31.390   41.201 (511)
665 Fitchburg St                   8    3  273  162   31.270   26.348 (693)
666 Curry                          9    3  343  215   31.221   26.331 (694)
667 Bethany WV                     1    9  146  352   31.145   38.795 (591)
668 Knox                           4    6  164  289   31.050   34.084 (674)
669 Southern Virginia              2    5  108  175   30.720   34.211 (673)
670 Colorado College               2    8  232  434   30.601   38.257 (604)
671 Endicott                       7    3  252  136   30.369   25.365 (699)
672 Norwich                        3    7  162  331   30.342   36.025 (657)
673 Manchester                     2    8  202  391   30.331   36.251 (652)
674 Menlo                          0   10  176  481   29.960   45.230 (391)
675 Maine Maritime                 7    3  263  216   29.913   25.473 (697)
676 Illinois College               3    7  178  288   29.779   33.721 (677)
677 Westminster MO                 5    5  186  210   29.696   30.101 (687)
678 Juniata                        0   10  179  412   29.312   39.654 (558)
679 Plymouth St                    4    6  167  252   28.916   31.485 (686)
680 Avila                          0   10   72  328   28.895   41.550 (500)
681 Benedictine IL                 3    7  185  340   28.758   35.838 (660)
682 West Virginia Tech             0   11  115  570   28.556   46.335 (358)
683 Husson                         3    4  214  146   27.872   27.821 (691)
684 Rockford                       7    3  348  155   27.726   22.223 (710)
685 SW Assem of God                2    8  244  329   27.545   32.750 (683)
686 Wisconsin Lutheran             1    9  122  299   27.144   36.418 (648)
687 Worcester St                   5    5  267  177   26.920   25.557 (696)
688 Earlham                        1    9  151  371   26.818   36.074 (655)
689 MacMurray                      4    6  248  293   26.780   29.334 (688)
690 Hiram                          1    9  104  425   26.079   35.253 (665)
691 Minnesota-Morris               4    6  228  236   25.983   28.693 (689)
692 Lewis & Clark                  0    4   76  198   25.698   37.771 (620)
693 Grinnell                       1    9  182  423   25.520   34.637 (670)
694 UMass-Dartmouth                5    5  178  204   24.648   25.105 (700)
695 Tri-State                      0   10  162  455   24.173   37.097 (632)
696 Westfield St                   4    5  100  166   22.528   24.138 (703)
697 Mount Ida                      1    9  182  434   22.261   32.786 (682)
698 Macalester                     0    9  101  381   21.732   35.514 (662)
699 Maranatha Baptist              4    5  209  245   20.994   22.731 (709)
700 Western New England            3    6  208  195   20.721   23.009 (707)
701 Eureka                         1    9   87  416   20.718   32.870 (681)
702 Salve Regina                   2    6  156  232   19.726   24.651 (702)
703 Concordia IL                   0   10  120  463   18.315   34.520 (672)
704 Crown                          3    6  141  248   18.200   22.802 (708)
705 Becker                         0    8  126  362   18.026   33.036 (680)
706 MIT                            3    6  148  294   17.142   21.983 (711)
707 Framingham St                  2    7   57  315   16.951   25.099 (701)
708 Blackburn                      2    8  216  285   16.833   23.077 (705)
709 Mass Maritime                  0    9  121  279   14.065   26.021 (695)
710 Nichols                        0    9  100  281   13.226   25.470 (698)
711 Principia                      1    8  132  424    8.883   21.337 (712)
712 Trinity Bible                  1    9   46  474    6.585   23.085 (704)
