Rnk Team                         WON LOST   PF   PA     RATE      SOS
--- ----                         --- ----  ---  ---  -------  -------
  1 Oklahoma                      13    0  481  194   83.989   71.785 ( 20)
  2 Miami                         11    1  506  190   82.692   71.586 ( 24)
  3 Florida St.                   11    2  511  136   82.012   72.442 ( 11)
  4 Oregon St.                    11    1  400  212   79.919   71.882 ( 19)
  5 Washington                    11    1  387  270   79.813   73.604 (  3)
  6 Nebraska                      10    2  522  230   78.909   72.046 ( 14)
  7 Virginia Tech                 11    1  484  269   78.854   71.148 ( 33)
  8 Kansas St.                    11    3  549  261   78.135   71.283 ( 29)
  9 Oregon                        10    2  351  249   77.915   72.240 ( 12)
 10 Florida                       10    3  468  273   77.901   72.516 ( 10)
 11 Notre Dame                     9    3  353  267   76.210   71.983 ( 15)
 12 Texas                          9    3  455  232   76.203   69.529 ( 62)
 13 Clemson                        9    3  416  253   75.689   69.773 ( 52)
 14 Michigan                       9    3  404  229   75.566   70.509 ( 41)
 15 Georgia Tech                   9    3  386  237   74.924   69.760 ( 54)
 16 Texas A&M                      7    5  348  239   74.699   71.967 ( 16)
 17 Purdue                         8    4  381  266   74.454   70.635 ( 39)
 18 Wisconsin                      9    4  328  265   74.406   71.530 ( 26)
 19 Georgia                        8    4  331  212   74.333   70.976 ( 35)
 20 South Carolina                 8    4  283  181   74.265   70.452 ( 43)
 21 Ohio St.                       8    4  331  222   74.218   71.258 ( 30)
 22 Texas Christian               10    2  431  134   73.958   65.698 ( 98)
 23 Iowa St.                       9    3  343  322   73.675   70.503 ( 42)
 24 Mississippi St.                8    4  390  306   73.670   70.836 ( 36)
 25 Auburn                         9    4  316  266   73.668   70.320 ( 44)
 26 UCLA                           6    6  353  368   73.555   73.813 (  1)
 27 Tennessee                      8    4  380  247   73.541   69.756 ( 56)
 28 Northwestern                   8    4  441  400   73.461   71.044 ( 34)
 29 Toledo                        10    1  400  125   73.307   64.253 (108)
 30 Arizona                        5    6  254  237   73.199   73.251 (  5)
 31 Louisiana St.                  8    4  320  235   73.109   70.259 ( 45)
 32 Stanford                       5    6  261  294   72.854   73.761 (  2)
 33 West Virginia                  7    5  356  363   72.852   71.964 ( 17)
 34 Colorado St.                  10    2  363  225   72.829   67.143 ( 82)
 35 Boston College                 7    5  378  277   72.439   69.765 ( 53)
 36 Louisville                     9    3  405  268   72.258   67.603 ( 80)
 37 Arizona St.                    6    6  313  303   72.243   72.063 ( 13)
 38 Pittsburgh                     7    5  296  247   72.242   69.990 ( 51)
 39 East Carolina                  8    4  370  256   71.989   68.689 ( 68)
 40 Southern Miss.                 8    4  314  203   71.912   68.667 ( 70)
 41 Syracuse                       6    5  294  212   71.891   70.774 ( 37)
 42 N. Carolina St.                8    4  379  338   71.654   68.960 ( 65)
 43 Southern Cal                   5    7  309  337   71.544   72.849 (  8)
 44 Texas Tech                     7    6  330  278   71.446   69.758 ( 55)
 45 W. Michigan                    9    3  359  139   71.249   64.917 (102)
 46 Boise St.                     10    2  532  274   71.116   64.623 (104)
 47 Virginia                       6    6  242  292   71.091   71.217 ( 31)
 48 Michigan St.                   5    6  197  233   70.953   71.947 ( 18)
 49 Mississippi                    7    5  352  329   70.937   69.691 ( 59)
 50 North Carolina                 6    5  269  284   70.699   70.137 ( 47)
 51 Air Force                      9    3  421  312   70.661   66.509 ( 89)
 52 Texas-El Paso                  8    4  378  336   70.550   68.198 ( 75)
 53 Arkansas                       6    6  278  289   70.545   69.226 ( 64)
 54 Colorado                       3    8  252  284   70.522   73.506 (  4)
 55 Washington St.                 4    7  281  354   70.382   72.856 (  7)
 56 Minnesota                      6    6  375  318   70.361   68.748 ( 66)
 57 Illinois                       5    6  294  286   69.848   70.083 ( 50)
 58 California                     3    8  246  295   69.702   73.189 (  6)
 59 Fresno St.                     7    5  317  251   69.695   67.883 ( 78)
 60 Nevada LV                      8    5  370  275   69.524   66.970 ( 85)
 61 Ala.-Birmingham                7    4  238  192   69.517   66.453 ( 91)
 62 Maryland                       5    6  247  284   69.475   70.236 ( 46)
 63 Brigham Young                  6    6  280  310   69.383   69.672 ( 60)
 64 Georgia Southern              13    2  506  274   69.179   61.301 (124)
 65 Penn St.                       5    7  264  293   69.080   70.597 ( 40)
 66 Cincinnati                     7    5  289  285   68.993   68.070 ( 76)
 67 Kansas                         4    7  261  359   68.988   71.570 ( 25)
 68 Alabama                        3    8  228  246   68.901   71.638 ( 22)
 69 San Jose St.                   7    5  374  357   68.602   67.579 ( 81)
 70 Montana                       13    2  475  288   68.507   62.192 (118)
 71 Iowa                           3    9  203  330   68.398   72.705 (  9)
 72 Delaware                      12    2  570  238   68.300   60.126 (136)
 73 Indiana                        3    8  337  427   68.163   71.183 ( 32)
 74 Marshall                       8    5  367  297   68.125   65.510 (101)
 75 N. Illinois                    6    5  409  280   67.666   66.011 ( 95)
 76 Missouri                       3    8  255  348   67.650   71.473 ( 28)
 77 Ohio U.                        7    4  343  208   67.379   64.386 (106)
 78 Utah                           4    7  234  207   67.310   68.432 ( 71)
 79 New Mexico                     5    7  229  249   66.937   68.289 ( 73)
 80 Cent. Florida                  7    4  333  221   66.913   63.571 (112)
 81 Kentucky                       2    9  254  383   66.789   71.623 ( 23)
 82 Temple                         4    7  224  269   66.674   69.668 ( 61)
 83 Tulane                         6    5  329  346   66.337   65.542 (100)
 84 Lehigh                        12    1  396  214   66.193   58.405 (147)
 85 Oklahoma St.                   3    8  202  303   66.117   70.664 ( 38)
 86 San Diego St.                  3    8  170  273   66.011   70.133 ( 48)
 87 Vanderbilt                     3    8  193  273   65.908   69.746 ( 57)
 88 Idaho                          5    6  321  377   65.807   67.068 ( 83)
 89 Richmond                      10    3  255  217   65.589   61.890 (119)
 90 Appalachian St.               10    4  441  278   65.485   61.388 (123)
 91 Furman                         9    3  379  209   65.374   59.521 (139)
 92 Middle Tenn.                   6    5  350  316   65.002   63.736 (111)
 93 W. Kentucky                   11    2  404  145   64.952   57.107 (165)
 94 Akron                          6    5  333  295   64.943   64.177 (109)
 95 Miami, Ohio                    6    5  272  286   64.876   64.480 (105)
 96 Memphis                        4    7  176  199   64.836   66.507 ( 90)
 97 Portland St.                   8    4  406  325   64.615   61.761 (120)
 98 Utah St.                       5    6  292  356   64.513   65.662 ( 99)
 99 E. Washington                  6    5  288  243   64.465   63.070 (113)
100 Rutgers                        3    8  233  399   64.362   70.128 ( 49)
101 Tulsa                          5    7  240  283   64.302   65.812 ( 96)
102 Hofstra                        9    4  445  384   64.198   60.659 (130)
103 Ball St.                       5    6  212  349   64.053   66.646 ( 88)
104 UC Davis                      12    1  622  258   64.015   54.417 (194)
105 Rice                           3    8  237  322   63.875   68.693 ( 67)
106 Houston                        3    8  211  370   63.789   68.427 ( 72)
107 South Florida                  7    4  278  201   63.767   60.144 (135)
108 Weber St.                      7    4  272  219   63.599   59.366 (140)
109 W. Illinois                    9    3  390  231   63.540   57.929 (151)
110 Baylor                         2    9  139  397   63.472   71.528 ( 27)
111 N. Dakota St.                 12    2  502  204   63.313   54.446 (193)
112 Sacramento St.                 7    4  329  279   63.103   60.581 (131)
113 Troy St.                       9    3  330  193   63.039   58.250 (150)
114 Nebraska-Omaha                11    2  305  163   63.038   55.660 (184)
115 New Mexico St.                 3    8  295  357   62.963   66.654 ( 87)
116 Hawaii                         3    9  294  399   62.609   66.683 ( 86)
117 Southern Meth.                 3    9  181  352   62.452   67.039 ( 84)
118 E. Illinois                    8    4  443  242   62.321   57.021 (168)
119 NW Missouri St.               11    1  554  213   62.241   52.110 (224)
120 Wake Forest                    2    9  181  362   62.148   69.722 ( 58)
121 Delta St.                     14    1  606  337   62.130   53.553 (204)
122 Wofford                        7    4  305  276   62.107   59.611 (138)
123 Youngstown St.                 9    3  296  189   62.044   57.801 (153)
124 McNeese St.                    8    4  315  224   61.884   57.707 (154)
125 Massachusetts                  7    4  312  246   61.736   58.394 (148)
126 Idaho St.                      6    5  329  351   61.271   60.447 (132)
127 Tennessee Tech                 8    3  317  217   61.165   56.715 (171)
128 E. Tennessee St.               6    5  282  267   61.152   60.444 (133)
129 Mount Union                   14    0  662  222   60.968   48.498 (317)
130 E. Michigan                    3    8  209  350   60.964   66.078 ( 94)
131 Army                           1   10  224  372   60.732   67.631 ( 79)
132 Arkansas St.                   1   10  247  410   60.658   68.668 ( 69)
133 Catawba                       11    1  367  127   60.546   48.277 (322)
134 Bowling Green                  2    9  174  289   60.425   66.214 ( 93)
135 Illinois St.                   7    4  361  221   60.376   55.989 (182)
136 James Madison                  6    5  300  185   60.280   58.520 (145)
137 Tn.-Chattanooga                5    6  332  279   60.259   59.857 (137)
138 North Dakota                   8    3  404  146   60.185   53.648 (202)
139 Navy                           1   10  182  391   60.153   69.250 ( 63)
140 Nevada                         2   10  207  464   60.109   67.994 ( 77)
141 S. Utah                        7    4  386  306   60.096   57.048 (167)
142 North Texas                    3    8  162  300   59.988   64.750 (103)
143 William & Mary                 5    6  268  314   59.871   61.161 (127)
144 Duke                           0   11  155  430   59.846   71.732 ( 21)
145 Penn                           7    3  349  257   59.787   56.999 (169)
146 CSU-Northridge                 4    7  308  391   59.713   61.744 (121)
147 West Georgia                  10    2  412  228   59.656   52.858 (215)
148 Elon                           7    4  278  223   59.643   57.630 (155)
149 Wyoming                        1   10  170  393   59.611   68.208 ( 74)
150 N. Iowa                        7    4  397  305   59.517   56.196 (181)
151 Carson-Newman                  8    2  428  184   59.454   52.047 (225)
152 SW Texas St.                   7    4  220  183   59.430   57.325 (161)
153 Villanova                      5    6  385  361   59.373   59.366 (141)
154 Cent. Michigan                 2    9  137  376   59.153   66.453 ( 92)
155 New Hampshire                  6    5  289  314   59.138   58.923 (143)
156 Middlebury                     7    1  171   48   59.040   48.705 (314)
157 W. Carolina                    4    7  316  371   58.921   61.259 (126)
158 Yale                           7    3  276  183   58.862   55.813 (183)
159 South Dakota                   8    3  270  189   58.823   54.255 (197)
160 N. Arizona                     3    8  245  275   58.698   61.617 (122)
161 Valdosta St.                  10    2  513  310   58.661   52.147 (222)
162 Bloomsburg                    12    3  545  325   58.630   51.541 (231)
163 Maine                          5    6  319  256   58.481   58.435 (146)
164 Sam Houston St.                7    4  290  228   58.396   55.351 (186)
165 Brown                          7    3  375  301   58.323   55.026 (189)
166 Connecticut                    3    8  220  368   58.279   62.912 (115)
167 St. John's, Minn.             13    2  544  196   58.151   47.421 (341)
168 Holy Cross                     7    4  245  223   58.123   56.484 (175)
169 Louisiana Tech                 3    9  317  396   58.109   64.100 (110)
170 Grambling St.                 10    2  300  207   58.057   52.185 (221)
171 Buffalo                        2    9  177  452   58.033   64.385 (107)
172 Bucknell                       6    5  242  172   58.015   56.698 (173)
173 Florida A&M                    9    3  439  245   57.951   53.363 (210)
174 Colgate                        7    4  235  240   57.941   56.698 (172)
175 Harvard                        5    5  327  255   57.902   57.187 (163)
176 Colby                          7    1  187  104   57.879   49.218 (293)
177 Amherst                        7    1  158   70   57.743   49.932 (272)
178 W. Washington                  7    3  378  181   57.627   51.314 (238)
179 Pittsburg St.                  9    3  384  182   57.535   51.870 (226)
180 NW Louisiana                   6    5  256  236   57.474   57.370 (160)
181 Arkansas Tech                  7    3  336  256   57.418   53.474 (207)
182 SW Missouri St.                5    6  237  200   57.215   57.148 (164)
183 Stephen F.Austin               6    5  289  297   57.197   56.405 (176)
184 Murray St.                     6    5  366  332   57.182   56.365 (177)
185 Towson St.                     7    4  299  216   57.148   53.798 (200)
186 E. Kentucky                    6    5  267  156   57.136   54.496 (192)
187 Rhode Island                   3    8  175  257   57.075   60.887 (129)
188 Georgetown, Ky.               14    0  627  195   57.043   42.597 (489)
189 Cent. Iowa                    12    1  400  125   56.997   45.304 (391)
190 Augustana,S.D.                 7    4  338  216   56.887   53.366 (209)
191 Cornell                        5    5  264  334   56.745   57.809 (152)
192 St. Mary's, Cal.               6    5  349  359   56.671   56.246 (179)
193 Bethune-Cookman                9    2  330  168   56.576   49.606 (281)
194 N. Carolina A&T                8    3  323  174   56.565   51.526 (233)
195 Chadron St.                    8    3  384  185   56.443   51.272 (239)
196 Kent                           1   10  128  359   56.241   65.720 ( 97)
197 Linfield                       9    1  350  179   56.089   48.438 (320)
198 Mesa, Colo.                   10    3  437  312   56.038   50.669 (254)
199 Slippery Rock                  8    3  363  189   55.961   50.717 (251)
200 Ark.-Monticello                8    3  430  261   55.865   50.959 (247)
201 Presbyterian                   8    2  325  233   55.835   50.009 (268)
202 NW Oklahoma                   13    1  633  147   55.820   42.413 (500)
203 Cal Poly-SLO                   3    8  301  395   55.803   58.763 (144)
204 Duquesne                      10    1  424  189   55.736   44.554 (403)
205 Tuskegee                      12    0  366  145   55.703   45.915 (377)
206 Pac. Lutheran                  9    2  459  212   55.700   48.813 (309)
207 Jacksonville St.               4    6  170  234   55.692   57.490 (158)
208 Northwood                     10    2  409  259   55.578   50.212 (260)
209 Northeastern                   4    7  279  305   55.562   57.271 (162)
210 Hampton U.                     7    4  380  311   55.534   52.979 (213)
211 Indiana, Pa.                   8    3  231  155   55.409   51.604 (230)
212 Robert Morris                 10    0  365  140   55.220   43.046 (473)
213 Hardin-Simmons                12    1  395  179   55.123   45.378 (389)
214 Nebraska-Kearney               7    3  382  183   55.091   49.952 (270)
215 Wis.-Stout                    10    1  305  177   54.942   47.220 (349)
216 Missouri West. St              8    4  351  258   54.771   51.444 (235)
217 S. Illinois                    3    8  208  316   54.768   59.201 (142)
218 Citadel                        2    9  144  335   54.658   62.571 (117)
219 Princeton                      3    7  248  286   54.652   57.494 (157)
220 S. Dakota St.                  6    5  291  255   54.246   53.699 (201)
221 W. Oregon                      6    5  219  232   54.187   53.903 (198)
222 Williams                       5    3  149   95   54.172   50.939 (248)
223 VMI                            2    9  227  434   54.084   60.247 (134)
224 Dayton                         8    3  376  192   53.958   48.364 (321)
225 Ohio Northern                  9    3  493  348   53.853   48.905 (306)
226 Cent. Washington               5    5  280  262   53.690   52.817 (216)
227 Davidson                      10    0  271  135   53.682   44.440 (410)
228 Cent. Missouri                 7    4  358  210   53.652   49.340 (288)
229 Columbia                       3    7  256  306   53.570   56.214 (180)
230 Delaware St.                   7    4  380  378   53.502   51.538 (232)
231 S. Arkansas                    5    5  312  251   53.494   52.751 (217)
232 Gardner-Webb                   7    4  293  277   53.385   51.178 (243)
233 Jackson St.                    7    4  365  299   53.330   51.051 (245)
234 SE Missouri                    3    8  224  403   53.287   58.340 (149)
235 Southern U.                    6    5  368  282   53.118   51.443 (236)
236 New Haven                      5    5  335  218   53.088   50.821 (250)
237 Alabama A&M                    7    5  312  227   53.078   51.091 (244)
238 Wittenberg                    12    1  512  203   53.056   42.942 (478)
239 Bethel, Minn.                 10    1  382  208   52.965   43.899 (433)
240 Drake                          7    4  410  267   52.930   49.703 (278)
241 Louisiana-Lafay.               1   10  171  355   52.911   62.600 (116)
242 Tennessee St.                  3    8  278  372   52.886   56.500 (174)
243 Dartmouth                      2    8  231  388   52.842   57.504 (156)
244 NE Oklahoma                    9    2  290  165   52.792   46.959 (354)
245 Lafayette                      2    9  244  350   52.776   57.391 (159)
246 Saginaw Val. St.               9    3  366  316   52.623   49.664 (280)
247 Harding                        5    6  345  369   52.491   53.589 (203)
248 Truman State                   6    5  333  305   52.423   51.479 (234)
249 Fordham                        3    8  211  318   52.232   56.260 (178)
250 Emporia St.                    6    5  293  236   52.209   50.681 (253)
251 Winona St.                     9    3  347  252   52.204   47.550 (337)
252 Millersville                   6    4  230  211   52.161   50.060 (265)
253 Wartburg                       9    1  320  136   52.089   43.367 (459)
254 Wis.-LaCrosse                  7    3  220  166   52.052   48.981 (305)
255 Liberty                        3    8  195  320   52.014   56.761 (170)
256 Alabama St.                    6    5  327  351   52.005   51.727 (228)
257 Samford                        4    7  183  290   51.700   54.911 (190)
258 Grand Valley St.               7    4  337  284   51.632   49.850 (275)
259 Texas Southern                 8    3  280  201   51.614   47.806 (334)
260 Tusculum                       7    4  257  245   51.573   48.784 (311)
261 Midwestern St.,TX              7    4  328  161   51.522   47.965 (328)
262 MaryHardin-Baylor              9    1  315  129   51.473   42.813 (485)
263 Wesleyan                       5    3  147  113   51.323   48.705 (314)
264 W. Maryland                   10    2  370  182   51.278   43.740 (444)
265 N. Colorado                    4    7  211  261   51.230   54.361 (195)
266 St. Francis, Ind.             10    2  473  259   51.199   44.586 (400)
267 Indiana St.                    1   10  122  408   51.183   60.936 (128)
268 Clarion                        7    4  294  252   51.154   49.128 (297)
269 John Carroll                   7    3  340  200   51.093   46.826 (357)
270 Minn.-Duluth                   7    4  315  256   51.091   48.760 (312)
271 Minn. St.-Mankato              3    8  226  304   51.040   55.520 (185)
272 Wis.-Riv. Falls                6    4  338  234   51.017   49.020 (303)
273 Widener                       12    2  538  359   50.998   44.396 (413)
274 Bemidji St.                    9    2  367  250   50.910   45.685 (383)
275 Fort Hays St.                  5    5  231  203   50.904   50.278 (259)
276 Western St.,Colo.              6    5  331  248   50.820   49.511 (283)
277 North Alabama                  3    7  273  323   50.730   53.798 (199)
278 Kutztown                       7    4  260  218   50.708   47.163 (350)
279 Morehead St.                   6    3  374  291   50.706   47.474 (339)
280 Illinois Weslyn                9    1  229  109   50.670   43.238 (462)
281 Wash. & Jeff.                  9    2  469  249   50.641   44.225 (419)
282 Millikin                       9    2  487  161   50.614   39.784 (577)
283 Ark.-Pine Bluff                6    5  325  250   50.470   48.819 (308)
284 Louisiana-Monroe               1   10   96  415   50.439   62.988 (114)
285 Bridgewater,Va.               10    2  461  235   50.421   42.496 (494)
286 Cent. Oklahoma                 5    5  226  196   50.390   49.918 (274)
287 Westminster, Pa.               8    2  285  152   50.357   43.803 (439)
288 Washburn                       5    6  347  309   50.312   50.071 (264)
289 Fairfield                      8    2  387  154   50.290   42.424 (499)
290 Northern St.,S.D.              6    5  366  242   50.287   47.911 (331)
291 Shippensburg                   5    6  283  285   50.236   51.036 (246)
292 Wis.-Eau Claire                6    4  263  238   50.022   48.003 (327)
293 Charleston So.                 5    6  246  244   49.978   50.352 (258)
294 Angelo St.                     6    4  227  138   49.949   47.848 (333)
295 S. Oregon                      5    4  226  182   49.935   48.809 (310)
296 Whitworth                      6    3  210  176   49.796   47.499 (338)
297 Trinity, Tex.                 10    3  376  241   49.777   45.088 (394)
298 Winston-Salem                  9    3  344  205   49.772   44.566 (402)
299 N. Michigan                    6    5  247  272   49.693   49.582 (282)
300 Sacred Heart                  10    1  314  147   49.684   39.913 (572)
301 Valparaiso                     7    4  275  239   49.570   46.910 (355)
302 Ferris St.                     5    6  298  256   49.557   49.690 (279)
303 Carroll, Mont.                10    4  350  229   49.551   45.756 (381)
304 Wilmington, Ohio               7    3  281  266   49.390   47.005 (352)
305 Concordia, St.P.               7    3  296  212   49.377   43.430 (457)
306 St. Ambrose                    9    3  440  169   49.358   43.157 (466)
307 Michigan Tech                  5    5  263  250   49.335   49.242 (291)
308 Howard U.                      3    8  190  355   49.254   53.546 (205)
309 Ashland                        6    5  247  288   49.222   49.127 (298)
310 Edinboro                       5    6  163  209   49.221   50.534 (256)
311 Wis.-Whitewater                5    5  218  211   49.149   48.876 (307)
312 Nicholls St.                   1   10  170  312   49.108   57.059 (166)
313 E. New Mexico                  6    4  264  180   49.058   46.809 (359)
314 Montana St.                    0   11  131  359   49.038   61.278 (125)
315 Mars Hill                      5    5  208  224   49.029   49.180 (295)
316 McKendree                      7    3  340  163   49.014   43.813 (438)
317 Cent. Arkansas                 3    8  288  376   48.862   52.340 (219)
318 Morris Brown                   4    6  256  208   48.832   49.443 (285)
319 Virginia Union                 8    3  377  209   48.806   43.522 (454)
320 Brockport St.                  8    1  207   57   48.737   40.367 (561)
321 Allegheny                      7    3  392  239   48.707   43.532 (453)
322 E. Cent. Oklahoma              6    5  181  207   48.618   47.895 (332)
323 West Alabama                   3    8  214  331   48.588   53.200 (212)
324 Montana Tech                   7    4  348  238   48.567   45.629 (385)
325 Humboldt St.                   4    7  192  224   48.473   50.695 (252)
326 Trinity, Conn.                 4    4  146  173   48.377   49.218 (293)
327 Geneva                         7    3  281  151   48.309   43.823 (437)
328 Baldwin-Wallace                6    4  303  203   48.292   46.033 (372)
329 Wheaton                        8    2  267  227   48.268   44.188 (422)
330 East Stroudsburg               6    5  219  216   48.204   47.419 (342)
331 Wayne, Mich.                   4    6  286  313   48.201   49.242 (291)
332 Minn.-Crookston                5    5  226  219   48.190   47.454 (340)
333 SW Oklahoma                    6    4  193  169   48.178   46.619 (364)
334 Nebraska Weslyn                8    3  291  255   48.104   43.772 (442)
335 Mid-Am Nazarene               11    2  441  211   48.079   40.878 (548)
336 Tarleton St.                   6    5  312  274   48.072   46.967 (353)
337 Buena Vista                    7    3  283  174   47.892   43.787 (441)
338 Shepherd                       7    3  314  171   47.885   43.593 (451)
339 Menlo                          6    4  427  325   47.878   45.911 (378)
340 Olivet Nazarene                8    3  322  211   47.852   42.999 (476)
341 Northwestern, IA               9    4  353  280   47.848   44.576 (401)
342 Redlands                       7    2  279  199   47.813   43.534 (452)
343 S. Carolina St.                3    8  308  460   47.729   51.773 (227)
344 Springfield                   11    2  501  349   47.720   40.783 (550)
345 Hope                           8    2  270  160   47.687   41.108 (541)
346 W. Texas A&M                   5    6  244  266   47.628   48.484 (318)
347 Georgetown, D.C.               5    6  282  326   47.624   49.018 (304)
348 Morehouse                      8    3  278  230   47.598   44.417 (412)
349 Norfolk St.                    3    8  153  292   47.549   52.539 (218)
350 California, Pa.                5    6  254  216   47.510   47.236 (348)
351 Azusa Pacific                  6    4  306  314   47.490   46.621 (363)
352 Fairmont St.                   7    3  281  223   47.487   44.626 (397)
353 Lycoming                       7    2  285  145   47.485   41.166 (540)
354 Hastings                       6    3  267  203   47.475   44.238 (418)
355 Simpson, Iowa                  6    4  286  165   47.420   43.834 (436)
356 TX A&M-Commerce                5    6  163  206   47.412   48.462 (319)
357 Benedictine,Kan.              10    1  288  124   47.383   38.440 (599)
358 Sioux Falls                    6    4  353  218   47.376   44.508 (407)
359 Ouachita                       2    8  157  298   47.327   53.263 (211)
360 Mercyhurst                     4    7  257  326   47.282   49.291 (289)
361 Lenoir-Rhyne                   4    7  242  272   47.275   50.080 (263)
362 Huron                          9    3  474  265   47.266   41.911 (522)
363 Peru St.                       8    2  246  191   47.235   39.883 (573)
364 West Liberty                   8    2  275  213   47.175   43.029 (474)
365 Hanover                        8    4  370  237   47.166   43.096 (471)
366 Emory & Henry                  8    3  329  237   47.165   41.456 (534)
367 Puget Sound                    5    4  154  198   47.104   47.358 (344)
368 Valley City St.                9    2  349  186   47.031   40.618 (555)
369 Fort Valley St.                7    4  270  310   47.019   46.466 (367)
370 W. Connecticut                10    1  502  160   47.005   34.822 (642)
371 Union, N.Y.                    9    2  351  171   47.001   38.848 (594)
372 Howard Payne                   6    4  258  150   46.964   43.887 (434)
373 Henderson St.                  1   10  219  442   46.869   54.519 (191)
374 Simon Fraser                   2    7  204  324   46.802   51.389 (237)
375 Lambuth                        7    4  416  282   46.760   42.943 (477)
376 Hillsdale                      3    8  201  227   46.733   49.384 (287)
377 Rowan                          7    2  296  130   46.700   39.567 (580)
378 Augustana,Ill.                 7    3  342  178   46.627   40.621 (552)
379 San Diego                      4    6  242  313   46.589   49.026 (302)
380 Thomas More                    9    1  298  117   46.469   37.515 (615)
381 Albany, Ga.                    4    6  159  181   46.467   48.732 (313)
382 TX A&M-Kingsville              4    7  148  229   46.454   49.714 (277)
383 Doane                          5    4  202  145   46.454   44.348 (416)
384 Buffalo St.                    7    4  304  277   46.430   44.424 (411)
385 Muhlenberg                     9    2  337  185   46.396   40.605 (556)
386 Rocky Mountain                 5    5  190  181   46.364   45.916 (376)
387 Coe                            6    4  278  186   46.356   43.940 (431)
388 Miss. Valley St.               2    9  199  433   46.249   52.920 (214)
389 Sewanee                        6    4  259  180   46.168   44.174 (423)
390 St. Cloud St.                  1    9  167  379   46.082   55.344 (187)
391 Ursinus                        8    3  341  208   46.012   40.274 (562)
392 E. Oregon                      2    8  242  342   45.990   51.250 (240)
393 Hobart                         9    2  250  120   45.959   38.801 (596)
394 St. Norbert                   10    1  392  144   45.956   35.512 (634)
395 Gustav Adolphus                6    4  277  219   45.904   43.959 (430)
396 Indianapolis                   3    8  305  313   45.879   48.034 (325)
397 Missouri Southern              2    9  164  337   45.865   52.211 (220)
398 Mary                           7    3  362  211   45.806   41.526 (533)
399 Albany, N.Y.                   5    6  342  318   45.792   45.997 (373)
400 Tenn.-Martin                   2    9  122  453   45.612   55.080 (188)
401 Wagner                         6    5  306  215   45.508   43.048 (472)
402 DePauw                         6    4  231  177   45.490   42.195 (512)
403 St. Thomas, Minn.              6    4  236  222   45.472   44.115 (425)
404 Tri-State IN                   6    5  219  202   45.450   44.624 (398)
405 Austin Col.                    7    3  220  217   45.440   43.380 (458)
406 Concordia, Neb.                7    4  315  206   45.393   41.963 (520)
407 Tufts                          2    6   90  160   45.370   51.207 (241)
408 Fort Lewis                     3    8  204  357   45.348   50.046 (266)
409 Wis.-Stevens Pt.               2    8  177  267   45.280   49.920 (273)
410 St. Olaf                       7    3  241  236   45.228   42.400 (501)
411 Wesley                         8    2  375  178   45.224   38.811 (595)
412 Virginia St.                   6    3  241  208   45.195   42.450 (498)
413 Southwest St.                  4    7  314  374   45.193   47.097 (351)
414 Albion                         7    3  328  185   45.036   41.052 (543)
415 Miles                          4    6  186  186   45.025   46.130 (371)
416 Walsh OH                       6    5  361  260   45.006   43.278 (461)
417 Hamilton                       2    6   49  131   44.975   51.207 (242)
418 Kings, Pa.                     7    4  328  259   44.958   42.477 (495)
419 Willamette                     3    7  156  248   44.942   49.163 (296)
420 Adams St.                      3    7  132  315   44.893   49.994 (269)
421 Wayne, Neb.                    3    7  185  307   44.867   48.214 (324)
422 N.Mex.Highlands                3    8  175  347   44.848   50.402 (257)
423 Ithaca                         7    3  262  179   44.820   40.945 (545)
424 Wis.-Oshkosh                   3    7  238  262   44.798   47.305 (345)
425 Campbellsville                 7    4  373  270   44.773   41.629 (530)
426 Susquehanna                    7    3  268  260   44.770   42.104 (515)
427 Washington, MO                 6    4  253  108   44.769   40.563 (558)
428 Marist                         6    4  221  236   44.765   42.870 (480)
429 McMurry                        6    4  280  184   44.707   42.868 (481)
430 Newberry                       4    7  212  344   44.700   49.280 (290)
431 Morgan St.                     1   10  173  403   44.638   53.532 (206)
432 Luther                         5    5  246  195   44.587   44.117 (424)
433 Lock Haven                     3    8  125  381   44.551   50.626 (255)
434 Chicago                        7    2  193  106   44.526   39.170 (588)
435 Midland Lutheran               5    5  225  184   44.446   42.805 (486)
436 Aurora                         7    4  278  154   44.441   40.253 (563)
437 Kentucky St.                   4    7  267  328   44.418   46.818 (358)
438 Otterbein                      4    6  202  230   44.347   46.461 (368)
439 West Chester                   2    9  104  274   44.299   52.115 (223)
440 St. Xavier                     6    4  225  192   44.295   42.315 (504)
441 Alma                           6    4  227  205   44.270   42.322 (503)
442 Findlay                        2    8  152  280   44.220   49.410 (286)
443 Montclair St.                  7    3  252  152   44.195   39.368 (583)
444 Catholic U.                    6    4  326  248   44.178   42.167 (513)
445 Wabash                         6    4  332  227   44.175   40.568 (557)
446 Wooster                        6    4  233  187   43.799   40.786 (549)
447 Marietta                       3    7  276  345   43.735   47.364 (343)
448 Clark Atlanta                  4    6  177  228   43.659   45.840 (379)
449 Morningside                    1   10  174  389   43.590   54.267 (196)
450 Savannah St.                   2    8  171  269   43.507   49.057 (300)
451 Bluffton                       7    3  296  169   43.465   39.158 (589)
452 Occidental                     5    4  214  222   43.427   42.301 (506)
453 Moravian                       6    4  255  235   43.357   41.689 (528)
454 Moorhead St.                   3    8  125  295   43.269   48.246 (323)
455 Whittier                       4    5  205  260   43.261   45.205 (393)
456 Malone                         4    7  249  321   43.250   45.429 (387)
457 Baker                          8    3  278  173   43.234   39.140 (590)
458 Centre                         5    5  198  213   43.230   43.619 (448)
459 Langston                       5    4  245  240   43.116   40.063 (567)
460 Muskingum                      4    6  213  368   43.046   46.591 (366)
461 Butler                         2    8  356  378   43.033   45.991 (374)
462 W. Virginia Tech               5    6  281  286   43.021   44.071 (427)
463 Monmouth, N.J.                 5    6  200  174   43.007   43.924 (432)
464 Belhaven                       5    5  230  268   42.924   43.475 (455)
465 Bates                          1    7  121  170   42.803   49.932 (271)
466 Lewis & Clark                  3    6  188  315   42.777   46.660 (361)
467 Washington & Lee               5    5  223  232   42.765   42.845 (483)
468 Capital                        3    7  254  369   42.662   46.704 (360)
469 Loras                          4    6  182  225   42.586   44.317 (417)
470 North Central                  5    5  144  230   42.562   43.703 (445)
471 Millsaps                       5    5  225  194   42.560   41.340 (535)
472 Dickinson St.                  6    4  246  239   42.522   40.879 (547)
473 St. Francis, Ill.              5    6  243  230   42.450   42.863 (482)
474 Stillman                       6    3  263  148   42.400   37.889 (609)
475 Grove City                     6    4  192  199   42.399   41.593 (531)
476 Cal Lutheran                   3    6  303  372   42.389   45.359 (390)
477 C.W. Post                      8    2  340  121   42.384   35.490 (635)
478 Pomona-Pitzer                  4    4  235  157   42.328   40.425 (560)
479 Colorado Mines                 2    8  220  413   42.322   48.637 (316)
480 Abilene Christian              1    9  163  243   42.320   47.953 (329)
481 Ferrum                         7    3  245   77   42.312   36.555 (625)
482 Dickinson                      5    5  198  227   42.289   42.301 (505)
483 LaSalle                        7    4  217  211   42.278   39.529 (582)
484 Benedict                       5    6  272  334   42.268   43.001 (475)
485 Upper Iowa                     3    7  232  215   42.205   44.355 (415)
486 Waynesburg                     6    4  236  225   42.204   39.336 (584)
487 Defiance                       7    3  228  138   42.160   36.534 (626)
488 Johns Hopkins                  5    5  257  233   42.144   41.812 (524)
489 SE Oklahoma                    1    9  100  310   42.134   50.024 (267)
490 Rhodes                         5    4  104  176   42.090   42.297 (507)
491 Lane                           3    8  165  308   42.073   46.646 (362)
492 Concordia, Moor.               4    6  248  270   42.058   43.693 (446)
493 Ohio Weslyn                    6    4  246  154   42.019   39.079 (592)
494 Wis.-Platteville               2    8  148  322   41.803   48.031 (326)
495 Claremont-Mudd                 4    5  179  208   41.798   42.696 (487)
496 Alcorn St.                     0   11  159  297   41.746   51.650 (229)
497 Wilkes                         5    6  257  194   41.709   41.804 (525)
498 American Intl.                 9    3  358  261   41.656   38.245 (602)
499 Southwest Baptist              2    9  194  480   41.645   50.127 (262)
500 Texas Lutheran                 4    6  237  343   41.615   44.484 (408)
501 N.C. Central                   4    6  195  268   41.519   44.517 (405)
502 Ottawa, Kan.                   9    2  315  198   41.467   34.292 (653)
503 Jacksonville FL                3    8  183  297   41.346   46.145 (370)
504 Prairie View                   1   10  103  497   41.321   53.465 (208)
505 Wingate                        1   10  202  388   41.279   49.723 (276)
506 Mississippi Col.               3    7  273  249   41.273   43.797 (440)
507 Mount Senario                  8    2  386  101   41.227   31.681 (682)
508 Tiffin                         3    7  128  260   41.218   45.715 (382)
509 Minot St.                      5    5  206  262   41.205   42.141 (514)
510 W. Virginia St.                4    7  178  246   41.191   43.432 (456)
511 Cumberland, Tenn.              5    5  210  237   41.147   41.675 (529)
512 Hampden-Sydney                 4    6  270  256   41.140   42.876 (479)
513 St. John's, NY                 5    6  169  216   41.067   42.211 (511)
514 Ripon                          9    1  330  197   41.005   33.879 (659)
515 Lebanon Val.                   4    6  202  302   40.929   43.164 (465)
516 Hartwick                       7    4  351  246   40.912   36.497 (628)
517 Ill. Benedictine               7    3  233  151   40.886   36.519 (627)
518 Bethany,W.Va.                  5    5  245  148   40.728   38.208 (603)
519 Methodist                      7    3  209  167   40.665   36.747 (623)
520 Cornell, Iowa                  3    7  216  271   40.656   44.510 (406)
521 Johnson C. Smith               3    7  217  332   40.606   47.245 (347)
522 LaVerne                        2    7  204  220   40.587   44.074 (426)
523 Iona                           4    7  259  333   40.563   43.212 (463)
524 Cortland St.                   4    6  212  187   40.538   41.253 (538)
525 Randolph-Macon                 3    7  166  277   40.280   44.968 (395)
526 Chapman                        2    7  187  373   40.278   45.287 (392)
527 Rochester                      6    4  186  149   40.254   38.078 (606)
528 Franklin                       4    6  216  265   40.184   42.477 (496)
529 Austin Peay                    2    9  183  397   40.149   49.087 (299)
530 Central Conn. St.              4    6  174  285   40.136   43.108 (470)
531 Carnegie-Mellon                6    4  200  147   40.040   38.368 (601)
532 Carthage                       4    6  250  274   39.926   41.689 (527)
533 St. Joseph's, IN               2    8  164  335   39.870   46.887 (356)
534 Taylor                         3    7  206  313   39.849   43.181 (464)
535 Mayville St.                   4    6  172  257   39.779   42.012 (518)
536 Concord                        3    8  197  310   39.726   44.029 (428)
537 Montana St.-North              2    8  136  331   39.610   45.655 (384)
538 Evangel                        5    4  179  162   39.595   39.200 (587)
539 Augsburg                       3    7  128  222   39.572   44.617 (399)
540 Concordia, Wis.                7    3  273  155   39.544   34.480 (650)
541 Glenville St.                  3    8  171  288   39.536   44.546 (404)
542 Missouri-Rolla                 2    9  141  453   39.521   49.486 (284)
543 W. New Mexico                  1    9  160  404   39.494   50.193 (261)
544 W. Va. Weslyn                  2    8  154  339   39.482   45.419 (388)
545 Fayetteville St.               3    7  214  300   39.470   43.309 (460)
546 Earlham                        6    4  237  243   39.361   38.205 (604)
547 NewJersey-Trenton              4    5  208  205   39.343   40.004 (570)
548 Frostburg St.                  4    6  155  170   39.331   40.982 (544)
549 Swarthmore                     4    5  149  214   39.075   40.146 (566)
550 Mansfield                      1    9  117  288   38.949   47.615 (336)
551 Dakota Weslyn                  2    8  182  338   38.919   44.466 (409)
552 Jamestown                      3    7  212  281   38.895   42.066 (517)
553 Lincoln MO                     3    6  176  273   38.862   41.535 (532)
554 Cheyney                        2    8  140  319   38.833   46.232 (369)
555 Trinity, Ill.                  4    7  237  214   38.762   40.002 (571)
556 Sul Ross St.                   2    7  192  294   38.692   44.221 (420)
557 Ky. Wesleyan                   4    6  311  441   38.657   41.944 (521)
558 Rose-Hulman                    3    7  145  260   38.610   42.399 (502)
559 Albright                       3    7  186  278   38.492   42.284 (509)
560 Bowdoin                        0    8   81  235   38.317   50.939 (248)
561 Dakota St.                     3    7  212  339   38.281   42.080 (516)
562 Salisbury St.                  5    5  250  182   38.280   37.300 (616)
563 Livingstone                    2    8  146  293   38.272   45.514 (386)
564 Urbana                         1    9  135  405   38.196   46.610 (365)
565 Norwich                        7    3  221  149   38.076   33.888 (658)
566 Northwestern, MN               8    2  282  162   38.064   30.855 (688)
567 Elmhurst                       2    8  162  311   38.027   43.987 (429)
568 Black Hills St.                3    7  200  289   37.993   41.263 (537)
569 Kalamazoo                      4    5  189  224   37.983   39.327 (585)
570 Bethany, Kan.                  7    3  255   84   37.911   32.188 (678)
571 Hamline                        2    8  156  278   37.821   44.385 (414)
572 Delaware Val.                  3    7  175  310   37.808   42.295 (508)
573 Heidelberg                     0   10  164  398   37.784   49.044 (301)
574 Bowie St.                      2    8  178  326   37.768   43.756 (443)
575 William Penn                   2    8  150  435   37.610   44.815 (396)
576 W. Montana                     1    9   76  343   37.566   47.950 (330)
577 Lindenwood                     4    8  239  365   37.525   41.330 (536)
578 Alfred                         4    6  223  229   37.379   38.432 (600)
579 Nichols                        7    3  268  184   37.305   33.828 (660)
580 North Park                     3    7  221  310   37.299   41.060 (542)
581 Greensboro                     5    5  300  261   37.275   35.692 (632)
582 St. Peter's                    4    7  145  201   37.253   40.618 (554)
583 Bethel, Kan.                   8    2  256  174   37.038   31.510 (684)
584 Plymouth St.                   5    5  237  234   36.812   36.086 (630)
585 Graceland                      4    6  202  287   36.744   39.211 (586)
586 William Jewell                 3    7  213  238   36.708   40.039 (568)
587 Southwestern, KS               6    4  292  151   36.612   32.996 (670)
588 Virginia-Wise                  3    7  211  334   36.603   42.542 (492)
589 Stony Brook                    2    8  182  262   36.597   42.574 (491)
590 Salve Regina                   7    3  312  162   36.467   31.771 (681)
591 Kansas Weslyn                  7    4  275  172   36.460   32.866 (671)
592 Gannon                         3    7  159  248   36.336   39.796 (576)
593 Bridgewater,Mass.              8    3  251  203   36.321   32.841 (674)
594 Juniata                        1    9  156  216   36.053   42.253 (510)
595 Mass.-Dartmouth                5    4  292  209   35.939   33.456 (665)
596 Louisiana College              2    8  196  302   35.906   42.533 (493)
597 Lakeland                       4    6  199  250   35.870   38.119 (605)
598 Union, Ky.                     3    7  163  305   35.801   40.730 (551)
599 Anderson, Ind.                 4    6  175  272   35.770   37.814 (611)
600 S. Connecticut                 5    5  226  272   35.698   36.661 (624)
601 Maryville, Tenn.               3    7  183  222   35.690   38.677 (597)
602 E. Texas Baptist               2    8  160  341   35.488   42.575 (490)
603 Culver-Stockton                3    8  204  294   35.441   40.029 (569)
604 Jersey City St.                3    7  117  216   35.393   39.879 (574)
605 Eliz. City St.                 1    9  149  322   35.383   43.127 (467)
606 Missouri Val.                  2    8  208  297   35.039   39.687 (578)
607 Carroll, Wis.                  5    5  256  197   34.994   34.407 (652)
608 Carleton                       1    9  168  345   34.970   43.881 (435)
609 Merchant Marine                3    6  158  254   34.909   39.122 (591)
610 Worcester St.                  7    2  176  129   34.853   30.517 (689)
611 Fair. Dickinson                1    9  174  271   34.773   41.765 (526)
612 Greenville                     6    5  355  239   34.722   31.834 (680)
613 Guilford                       1    9  126  444   34.652   43.618 (449)
614 Grinnell                       5    5  223  218   34.579   34.898 (641)
615 St. Anselm                     6    4  219  239   34.576   33.960 (657)
616 Thiel                          2    8  137  353   34.529   42.006 (519)
617 Mac Murray                     5    5  301  232   34.519   33.803 (662)
618 Rensselaer                     3    6  203  165   34.508   37.123 (620)
619 Colorado Col.                  3    6  156  204   34.374   37.157 (619)
620 Curry                          6    4  239  155   34.359   31.446 (685)
621 Manchester                     2    8  134  298   34.175   40.547 (559)
622 Hiram Col.                     3    7  157  371   34.089   39.858 (575)
623 Quincy                         1    9  127  400   34.010   43.651 (447)
624 Kenyon                         3    7  181  263   33.964   37.644 (613)
625 Panhandle St.                  1   10   51  605   33.905   47.728 (335)
626 Bentley                        5    6  209  226   33.862   34.564 (647)
627 Mount St. Joseph               2    8  142  346   33.786   40.239 (564)
628 Gettysburg                     1    9  185  303   33.762   40.894 (546)
629 Pace                           4    6  180  213   33.751   35.377 (637)
630 Illinois Col.                  6    4  242  247   33.618   32.863 (672)
631 Macalester                     1    9  168  321   33.576   43.123 (468)
632 Martin Luther                  4    4  279  112   33.512   31.553 (683)
633 Newport News                   4    6  128  249   33.503   34.754 (643)
634 Adrian                         2    8  100  283   33.447   41.167 (539)
635 Siena                          1    9  167  313   33.296   42.623 (488)
636 Denison                        2    8  164  327   33.273   40.179 (565)
637 Chowan                         2    7  126  217   33.094   37.624 (614)
638 Olivet                         2    8  176  265   32.936   38.049 (607)
639 S. Dakota Mines                0   10  123  271   32.928   42.815 (484)
640 St. John Fisher                1    9  169  308   32.917   40.618 (553)
641 MIT                            4    5  167  204   32.907   33.604 (664)
642 Case Reserve                   3    7  143  253   32.804   36.989 (621)
643 Cent. Methodist                3    8  193  273   32.644   37.275 (618)
644 Minnesota-Morris               0   11   65  512   32.573   47.247 (346)
645 Merrimack                      4    6  171  239   32.381   34.569 (646)
646 Dana                           1    9  150  357   32.337   42.457 (497)
647 Wm. Paterson                   2    8  133  316   32.015   39.078 (593)
648 Bryant College                 4    6  275  227   31.879   33.012 (669)
649 Lake Forest                    3    7  193  211   31.877   35.441 (636)
650 Cumberland, Ky.                2    8  160  348   31.643   39.635 (579)
651 Mass. Maritime                 5    4  175  198   31.575   30.216 (692)
652 Sterling                       4    6  185  294   31.564   33.716 (663)
653 W. New England                 4    5  192  189   31.301   31.903 (679)
654 Franklin&Marshall              0   10   81  314   31.212   43.113 (469)
655 Worcester Tech                 2    8  185  321   31.136   37.912 (608)
656 Beloit                         3    7  197  301   31.072   35.024 (640)
657 Assumption                     5    6  265  308   30.987   32.549 (677)
658 Fitchburg St.                  5    4  114  117   30.709   29.806 (693)
659 Shenandoah                     3    6  171  276   30.238   34.493 (649)
660 Eureka                         2    8  163  385   30.135   37.787 (612)
661 Stonehill                      2    8  222  318   30.081   34.541 (648)
662 Coast Guard                    2    8  155  310   30.008   36.854 (622)
663 Friends                        3    7  182  254   29.984   34.073 (656)
664 North Greenville               0   10   89  345   29.970   44.194 (421)
665 Monmouth, Ill.                 3    7  205  327   29.797   34.210 (655)
666 Knox                           2    8  167  283   29.775   36.260 (629)
667 Canisius                       0   10  100  373   29.147   41.815 (523)
668 St. Lawrence                   1    9   59  352   29.109   39.559 (581)
669 Tabor                          3    7  213  328   29.103   32.860 (673)
670 Lawrence                       2    8  155  275   29.091   34.625 (644)
671 Southern Nazarene              2    3  103   91   28.805   31.083 (686)
672 St. Francis, Pa.               0   11   71  436   28.286   43.598 (450)
673 Mass.-Lowell                   2    8  148  319   28.234   34.464 (651)
674 Iowa Weslyn                    0   10   64  551   28.187   45.919 (375)
675 Westfield St.                  3    6  150  158   28.090   30.424 (690)
676 Dubuque                        0   10   34  485   27.362   45.840 (380)
677 Kean                           1    9  139  315   27.175   37.885 (610)
678 Framingham St.                 3    7  161  232   27.036   30.292 (691)
679 Wisc. Lutheran                 3    7  117  245   26.911   33.161 (668)
680 Westminster (MO)               2    8  130  371   26.058   35.781 (631)
681 Principia                      5    4  171  247   25.876   26.476 (698)
682 Bethel, Tenn.                  2    8  125  279   25.636   33.306 (666)
683 Oberlin                        0   10   47  301   25.459   38.489 (598)
684 Haskell Indian                 2    8  105  333   24.648   35.212 (639)
685 SW Assem Of God                1    8   97  351   24.553   37.279 (617)
686 Mass.-Boston                   1    9   97  309   24.312   32.569 (676)
687 McPherson                      1    8  108  262   24.183   33.239 (667)
688 Crown                          4    5  157  278   22.909   26.554 (697)
689 Trinity Bible                  3    6  162  368   22.872   28.557 (695)
690 Concordia, Ill.                0    9   76  390   20.847   35.592 (633)
691 Blackburn                      1    9   87  427   20.486   34.236 (654)
692 Maine Maritime                 0    9   86  322   20.409   32.817 (675)
693 Averett College                1    9   72  359   19.624   34.598 (645)
694 Marantha Baptist               1    8  156  356   19.323   29.008 (694)
695 St. Mary KS                    0    9   86  386   19.011   33.814 (661)
696 Rockford                       1    9   88  241   17.947   27.616 (696)
697 Mount Ida                      0    8   16  371   14.903   35.357 (638)
698 Gallaudet                      0    4   35  157   13.646   31.023 (687)
