Rnk Team                         WON LOST   PF   PA     RATE      SOS
--- ----                         --- ----  ---  ---  -------  -------
  1 USC                           13    0  496  169   85.435   73.890 (  6)
  2 Auburn                        13    0  417  147   83.339   70.820 ( 49)
  3 Oklahoma                      12    1  452  219   82.158   73.164 ( 12)
  4 Utah                          12    0  544  234   80.831   70.324 ( 57)
  5 California                    10    2  441  192   80.005   72.700 ( 18)
  6 Texas                         11    1  423  215   79.905   72.527 ( 20)
  7 Virginia Tech                 10    3  400  167   79.056   71.858 ( 36)
  8 Louisville                    11    1  597  236   78.816   68.974 ( 78)
  9 Miami FL                       9    3  380  204   78.373   73.723 (  7)
 10 Georgia                       10    2  335  198   78.124   72.158 ( 29)
 11 Arizona St                     9    3  358  294   77.615   74.420 (  3)
 12 Boise St                      11    1  587  308   77.378   69.027 ( 77)
 13 Iowa                          10    2  292  211   77.183   71.842 ( 38)
 14 Tennessee                     10    3  378  295   77.000   72.728 ( 16)
 15 LSU                            9    3  344  205   76.799   71.950 ( 35)
 16 Florida St                     9    3  302  169   76.631   72.420 ( 24)
 17 Texas A&M                      7    5  341  292   76.297   74.757 (  1)
 18 Texas Tech                     8    4  434  314   76.041   73.115 ( 13)
 19 Virginia                       8    4  363  212   75.958   72.095 ( 30)
 20 Oregon St                      7    5  320  294   75.795   74.390 (  4)
 21 Michigan                       9    3  370  279   75.386   71.509 ( 42)
 22 Wisconsin                      9    3  249  185   74.978   70.028 ( 64)
 23 Oklahoma St                    7    5  387  301   74.607   72.811 ( 14)
 24 Ohio St                        8    4  290  219   74.488   71.642 ( 39)
 25 Georgia Tech                   7    5  264  227   74.280   71.993 ( 34)
 26 North Carolina                 6    6  319  382   74.158   74.646 (  2)
 27 Purdue                         7    5  381  206   74.041   71.134 ( 45)
 28 Florida                        7    5  382  253   73.974   70.870 ( 48)
 29 Notre Dame                     6    6  289  289   73.629   73.619 (  8)
 30 Boston College                 9    3  296  203   73.519   68.873 ( 81)
 31 Colorado                       8    5  304  332   73.297   72.706 ( 17)
 32 Clemson                        6    5  236  229   73.233   72.419 ( 25)
 33 Fresno St                      9    3  482  253   73.222   68.216 ( 87)
 34 UCLA                           6    6  361  309   73.167   72.655 ( 19)
 35 West Virginia                  8    4  361  246   73.053   69.467 ( 71)
 36 Arkansas                       5    6  328  270   72.751   72.793 ( 15)
 37 NC State                       5    6  264  218   72.653   72.325 ( 26)
 38 New Mexico                     7    5  244  224   72.543   71.558 ( 41)
 39 Pittsburgh                     8    4  325  288   71.985   69.699 ( 67)
 40 Brigham Young                  5    6  267  295   71.969   73.272 ( 11)
 41 Texas-El Paso                  8    4  429  301   71.953   68.241 ( 86)
 42 South Carolina                 6    5  243  229   71.923   70.782 ( 51)
 43 Navy                          10    2  334  238   71.872   67.367 ( 91)
 44 Stanford                       4    7  242  233   71.721   73.327 ( 10)
 45 Oregon                         5    6  282  282   71.663   72.177 ( 28)
 46 Minnesota                      7    5  361  273   71.607   69.480 ( 70)
 47 Washington St                  5    6  275  307   71.316   72.469 ( 21)
 48 Iowa St                        7    5  246  259   71.310   70.590 ( 54)
 49 Northwestern                   6    6  295  342   71.107   71.447 ( 43)
 50 Maryland                       5    6  195  220   71.075   72.201 ( 27)
 51 Alabama                        6    6  295  189   71.031   70.074 ( 63)
 52 Wyoming                        7    5  318  297   70.998   70.173 ( 61)
 53 Kansas                         4    7  262  235   70.768   72.462 ( 22)
 54 Syracuse                       6    6  287  344   70.643   70.691 ( 52)
 55 Connecticut                    8    4  363  260   70.608   67.228 ( 94)
 56 Nebraska                       5    6  275  298   70.448   70.625 ( 53)
 57 Air Force                      5    6  326  342   70.303   71.002 ( 47)
 58 Kansas St                      4    7  326  337   70.263   71.855 ( 37)
 59 James Madison                 13    2  421  268   70.231   62.791 (122)
 60 Louisiana Tech                 6    6  308  382   70.225   71.128 ( 46)
 61 Wake Forest                    4    7  230  253   69.894   70.809 ( 50)
 62 Cincinnati                     7    5  344  320   69.841   68.849 ( 82)
 63 Michigan St                    5    7  353  326   69.785   70.249 ( 59)
 64 Memphis                        8    4  430  375   69.722   66.978 ( 95)
 65 Southern Miss                  7    5  309  298   69.672   68.954 ( 79)
 66 Arizona                        3    8  164  275   69.655   74.015 (  5)
 67 Missouri                       5    6  256  215   69.606   69.737 ( 66)
 68 Colorado St                    4    7  261  325   69.572   72.034 ( 31)
 69 Hawaii                         8    5  467  499   69.403   68.187 ( 88)
 70 UAB                            7    5  372  351   69.327   68.257 ( 85)
 71 Bowling Green                  9    3  532  282   69.169   63.418 (118)
 72 William & Mary                11    3  486  373   69.037   63.299 (119)
 73 Mississippi                    4    7  215  278   68.867   71.615 ( 40)
 74 Penn St                        4    7  195  168   68.706   70.094 ( 62)
 75 Harvard                       10    0  339  134   68.573   57.920 (168)
 76 TCU                            5    6  362  373   68.453   69.201 ( 74)
 77 N Illinois                     9    3  421  304   68.412   63.595 (116)
 78 San Diego St                   4    7  234  282   68.253   70.234 ( 60)
 79 Troy St                        7    5  286  200   68.132   66.629 (100)
 80 Delaware                       9    4  344  300   67.894   65.044 (105)
 81 New Hampshire                 10    3  426  339   67.802   63.841 (113)
 82 Montana                       12    3  535  339   67.509   62.351 (125)
 83 Baylor                         3    8  224  406   67.443   72.442 ( 23)
 84 Toledo                         9    4  432  404   67.419   64.509 (108)
 85 Rutgers                        4    7  269  343   67.202   69.139 ( 76)
 86 S Illinois                    10    2  511  158   67.058   57.106 (180)
 87 North Texas                    7    5  309  358   66.979   66.858 ( 97)
 88 Duke                           2    9  183  322   66.698   72.004 ( 33)
 89 New Mexico St                  5    6  273  355   66.413   68.017 ( 89)
 90 Ga Southern                    9    3  564  221   66.310   58.907 (156)
 91 Indiana                        3    8  262  343   66.253   69.556 ( 69)
 92 Miami OH                       8    5  407  298   66.187   63.426 (117)
 93 Pittsburg St                  14    1  837  286   66.154   55.593 (195)
 94 South Florida                  4    7  271  351   66.110   68.408 ( 83)
 95 Tulane                         5    6  300  361   66.061   67.345 ( 92)
 96 Mississippi St                 3    8  173  280   66.017   70.540 ( 55)
 97 FL Atlantic                    9    3  299  207   65.999   61.087 (138)
 98 Houston                        3    8  230  354   65.798   70.471 ( 56)
 99 E Washington                   9    4  488  323   65.716   61.963 (133)
100 Illinois                       3    8  240  323   65.670   69.341 ( 73)
101 Furman                        10    3  449  216   65.578   58.991 (155)
102 Tulsa                          4    8  345  398   65.527   68.347 ( 84)
103 UNLV                           2    9  229  357   65.327   71.251 ( 44)
104 Villanova                      6    5  330  248   65.322   63.947 (112)
105 Vanderbilt                     2    9  212  286   65.202   70.302 ( 58)
106 Sam Houston St                11    3  518  338   65.170   60.033 (143)
107 Marshall                       6    6  291  266   65.159   64.896 (106)
108 Cal Poly SLO                   9    2  336  183   65.138   59.602 (149)
109 Rice                           3    8  279  377   64.985   68.906 ( 80)
110 Washington                     1   10  154  334   64.917   73.335 (  9)
111 Middle Tenn St                 5    6  269  293   64.707   65.435 (102)
112 SMU                            3    8  202  420   64.495   69.815 ( 65)
113 Nevada                         5    7  356  413   64.490   66.157 (101)
114 Valdosta St                   13    1  489  305   64.434   56.767 (184)
115 Northeastern                   5    6  355  276   64.425   62.801 (121)
116 Maine                          5    6  321  296   64.407   64.480 (109)
117 Temple                         2    9  238  399   64.338   69.467 ( 72)
118 LA Monroe                      5    6  211  303   64.326   66.748 ( 99)
119 Massachusetts                  6    5  279  256   64.313   63.963 (111)
120 Kentucky                       2    9  173  341   64.183   72.010 ( 32)
121 Army                           2    9  260  388   63.938   69.170 ( 75)
122 W Kentucky                     9    3  350  227   63.889   58.829 (159)
123 East Carolina                  2    9  231  439   63.677   69.596 ( 68)
124 Penn                           8    2  238  145   63.609   58.637 (163)
125 Hofstra                        5    6  401  303   63.549   62.149 (130)
126 Portland St                    7    4  335  223   63.448   60.116 (142)
127 Akron                          6    5  271  347   63.435   63.701 (115)
128 LA Lafayette                   4    7  242  272   63.372   65.122 (104)
129 Trinity CT                     8    0  310   52   63.089   47.993 (360)
130 NW Missouri                   11    2  578  272   63.002   54.712 (208)
131 Arkansas St                    3    8  215  365   62.983   66.971 ( 96)
132 Utah St                        3    8  184  333   62.827   67.755 ( 90)
133 N Dakota St                    8    3  338  150   62.785   57.610 (173)
134 N Iowa                         7    4  351  198   62.574   59.841 (145)
135 North Dakota                  11    3  384  171   62.563   56.262 (190)
136 Albany GA                     11    1  449  199   62.329   51.935 (264)
137 Lehigh                         9    3  345  193   62.291   56.784 (183)
138 Northwestern LA                8    4  401  282   62.040   57.708 (170)
139 Montana St                     6    5  296  285   61.807   61.180 (137)
140 Kent                           5    6  335  264   61.725   62.107 (132)
141 Idaho                          3    9  245  473   61.347   66.819 ( 98)
142 Lafayette                      8    4  324  229   61.305   57.333 (177)
143 San Jose St                    2    9  312  469   61.080   67.260 ( 93)
144 UC Davis                       6    4  323  211   60.941   58.882 (157)
145 Linfield                      13    0  650  256   60.745   49.477 (333)
146 Richmond                       3    8  198  297   60.714   63.826 (114)
147 Appalachian St                 6    5  366  358   60.623   59.991 (144)
148 Ohio                           4    7  221  271   60.433   62.400 (124)
149 SF Austin                      6    5  284  256   60.367   59.548 (151)
150 West Chester St               11    4  527  306   60.259   54.429 (214)
151 Texas St                       5    6  283  285   60.186   60.372 (141)
152 Jacksonville St                9    2  412  233   60.095   54.769 (207)
153 Shippensburg                  10    2  392  163   60.094   53.236 (235)
154 Bucknell                       7    4  296  221   59.975   57.178 (179)
155 Michigan Tech                  9    2  396  165   59.938   53.095 (238)
156 Grand Valley St               10    3  380  187   59.772   53.781 (222)
157 Wofford                        8    3  339  247   59.759   55.144 (202)
158 Rhode Island                   4    7  265  355   59.722   62.184 (129)
159 S Utah                         6    5  294  248   59.581   58.831 (158)
160 Hampton                       10    2  523  279   59.538   53.111 (237)
161 S Dakota St                    6    5  245  263   59.483   58.517 (164)
162 Colgate                        7    4  261  225   59.479   57.297 (178)
163 Colorado Mines                12    1  515  301   59.335   50.912 (286)
164 Arkansas Tech                 10    2  387  272   59.320   53.533 (229)
165 Northwood MI                  10    2  483  234   59.299   52.436 (253)
166 St Cloud                       8    3  354  200   59.185   53.808 (221)
167 South Dakota                   9    2  418  207   59.158   50.595 (292)
168 E Stroudsburg                 10    2  447  256   59.154   51.667 (271)
169 Brown                          6    4  227  194   59.062   57.676 (172)
170 Delta St                       6    4  443  296   58.930   56.351 (188)
171 Florida Intl                   3    7  261  325   58.924   61.784 (135)
172 Nicholls St                    5    5  233  237   58.920   58.179 (166)
173 SW Missouri St                 6    5  295  324   58.905   58.154 (167)
174 Carroll MT                    12    2  401  145   58.828   50.530 (293)
175 E Michigan                     4    7  328  458   58.737   62.326 (127)
176 Princeton                      5    5  211  207   58.706   58.676 (161)
177 C Michigan                     4    7  260  378   58.480   62.227 (128)
178 N Arizona                      4    7  244  314   58.440   60.431 (140)
179 Yale                           5    5  179  207   58.099   58.708 (160)
180 NE Omaha                       8    3  374  247   58.021   53.660 (224)
181 Idaho St                       3    8  266  357   57.988   61.763 (136)
182 Ball St                        2    9  225  405   57.947   64.836 (107)
183 C Arkansas                     8    3  419  307   57.836   53.642 (226)
184 Carson-Newman                  9    3  444  309   57.825   53.823 (220)
185 S Carolina St                  9    2  384  230   57.739   51.738 (270)
186 Towson                         3    8  195  306   57.722   62.131 (131)
187 Cornell                        4    6  167  181   57.557   59.040 (154)
188 E Kentucky                     6    5  290  239   57.359   56.542 (186)
189 C Washington                   7    4  255  206   57.340   55.146 (201)
190 Tuskegee                      10    2  425  208   57.338   50.079 (306)
191 Saginaw Val                    7    3  354  177   57.197   52.534 (251)
192 CS Sacramento                  3    8  190  415   57.148   61.846 (134)
193 N Colorado                     2    9  186  294   57.107   62.338 (126)
194 McNeese St                     4    7  262  423   57.030   59.644 (148)
195 Winona St                     10    2  464  247   57.015   49.492 (331)
196 Indiana PA                     7    3  294  230   56.968   53.538 (228)
197 Buffalo                        2    9  197  351   56.841   63.140 (120)
198 Murray St                      7    4  287  220   56.820   54.854 (205)
199 Alabama St                    10    2  407  228   56.767   50.225 (301)
200 C Missouri                     7    4  405  284   56.755   53.323 (234)
201 SE Louisiana                   7    4  425  271   56.717   52.762 (244)
202 Bloomsburg                     7    3  344  193   56.693   51.485 (275)
203 Illinois St                    4    7  282  352   56.674   59.552 (150)
204 Washburn                       8    4  407  368   56.648   54.036 (219)
205 Youngstown St                  4    7  270  272   56.632   58.220 (165)
206 Edinboro                       9    3  398  259   56.546   51.568 (272)
207 M Hardin-Baylor               13    2  706  337   56.292   47.656 (367)
208 N Alabama                      5    5  312  213   56.101   54.967 (204)
209 TX A&M K'ville                 9    2  344  202   55.904   50.162 (303)
210 W Carolina                     4    7  245  254   55.903   57.786 (169)
211 Fordham                        5    6  288  270   55.843   55.896 (192)
212 W Michigan                     1   10  248  436   55.736   63.985 (110)
213 Azusa Pacific                 11    3  357  135   55.725   48.012 (357)
214 Catawba                        7    4  403  280   55.652   52.766 (243)
215 Harding                        6    5  266  284   55.585   55.383 (197)
216 Hardin-Simmons                10    1  523  208   55.525   44.487 (408)
217 MN Mankato                     6    5  283  263   55.465   54.560 (212)
218 St Francis IN                 13    1  555  147   55.429   41.970 (475)
219 WI LaCrosse                    7    4  338  257   55.320   52.877 (241)
220 Citadel                        3    7  162  250   55.278   61.019 (139)
221 Weber St                       1   10  202  375   55.248   62.483 (123)
222 Indiana St                     4    7  243  415   55.186   58.655 (162)
223 W Washington                   6    4  354  261   55.168   52.960 (240)
224 Tennessee Tech                 6    5  290  265   55.137   54.680 (209)
225 Mt Union                      12    1  547  142   54.932   42.298 (462)
226 Liberty                        6    5  280  275   54.878   54.161 (217)
227 Coastal Car                   10    1  413  176   54.679   45.876 (387)
228 Bethune-Cookman                6    4  330  209   54.648   52.449 (252)
229 UCF                            0   11  175  362   54.640   65.170 (103)
230 E Illinois                     5    6  291  323   54.534   55.061 (203)
231 Ark Monticello                 6    5  350  382   54.477   53.643 (225)
232 Williams                       6    2  183  111   54.355   50.040 (309)
233 W Illinois                     4    7  311  409   54.331   57.036 (181)
234 Southern Univ                  8    4  369  265   54.104   50.401 (297)
235 Gardner Webb                   5    6  282  335   54.087   55.182 (199)
236 MT Tech                        8    4  319  227   54.038   50.108 (304)
237 Amherst                        6    2  192  125   53.972   50.067 (307)
238 Bemidji St                     8    3  422  242   53.961   48.544 (350)
239 Emporia St                     5    6  297  372   53.953   55.512 (196)
240 MT Western                     7    4  236  219   53.905   50.948 (285)
241 San Diego                      7    4  397  266   53.898   50.241 (300)
242 SE Oklahoma                    8    3  423  236   53.836   48.889 (344)
243 Ferris St                      6    5  183  273   53.802   54.342 (215)
244 MO Western                     5    6  319  308   53.801   54.449 (213)
245 Drake                         10    2  365  200   53.731   45.976 (386)
246 WI Whitewater                  7    3  258  147   53.693   49.774 (317)
247 C Oklahoma                     8    2  359  239   53.537   47.284 (373)
248 MO Southern                    5    6  342  395   53.527   54.616 (211)
249 Florida A&M                    3    8  253  408   53.505   59.493 (153)
250 Chattanooga                    2    9  320  529   53.412   59.669 (147)
251 WI Stevens Pt                  6    4  285  204   53.395   49.740 (320)
252 WI Eau Claire                  7    3  249  188   53.372   49.568 (326)
253 Tusculum                       6    4  268  229   53.340   51.819 (267)
254 Samford                        4    7  284  359   53.335   56.890 (182)
255 Adams St                       7    4  225  167   53.296   50.648 (291)
256 Sioux Falls                   11    1  491  169   53.239   43.155 (444)
257 Wingate                        8    3  338  265   53.123   49.111 (340)
258 Elon                           3    8  196  287   53.076   57.377 (176)
259 Shaw NC                       10    2  253  184   53.063   47.848 (364)
260 Midwest TX St                  8    3  276  244   53.025   50.007 (312)
261 Chadron St                     7    3  378  296   52.991   49.619 (324)
262 Colby                          6    2  158   65   52.966   47.993 (359)
263 Humboldt St                    5    5  221  253   52.875   53.333 (233)
264 Howard                         6    5  249  225   52.874   52.073 (259)
265 Miles                          7    3  233  156   52.795   47.959 (362)
266 Presbyterian                   6    5  239  230   52.793   52.015 (262)
267 Whitworth                      7    2  366  279   52.757   48.012 (358)
268 Concordia Mhd                 11    1  408  164   52.731   43.244 (438)
269 Columbia                       1    9  140  265   52.654   59.525 (152)
270 Dayton                         7    3  325  140   52.629   46.808 (379)
271 Mars Hill                      6    4  291  203   52.587   49.524 (328)
272 Central Conn                   8    2  261  192   52.543   47.693 (365)
273 Dartmouth                      1    9  108  205   52.523   59.680 (146)
274 E Oregon                       6    4  251  174   52.491   49.926 (313)
275 Monmouth NJ                   10    1  299  182   52.482   45.222 (401)
276 SE Missouri St                 3    8  256  404   52.468   57.441 (175)
277 S Arkansas                     5    6  324  371   52.454   53.512 (230)
278 Willamette                     7    4  280  229   52.428   49.749 (319)
279 Millersville                   5    5  261  280   52.372   51.821 (266)
280 Ouachita                       2    7  193  307   52.319   57.540 (174)
281 Tennessee St                   4    7  278  311   52.260   54.149 (218)
282 Tarleton St                    7    4  322  231   52.249   49.499 (329)
283 Fayetteville St                8    4  322  216   52.198   48.845 (345)
284 WI Platteville                 6    4  215  246   52.188   51.010 (283)
285 Alcorn St                      7    4  245  230   52.169   50.079 (305)
286 Alabama A&M                    7    4  269  200   52.114   49.165 (338)
287 Dickinson St ND               10    2  379  190   52.110   44.007 (421)
288 Concordia MN                   7    4  383  284   52.097   48.943 (342)
289 Occidental                    10    2  426  274   52.023   44.326 (413)
290 Fort Valley St                 7    4  362  190   51.915   48.792 (346)
291 Bentley                        8    2  418  169   51.886   41.678 (490)
292 Delaware St                    4    7  204  352   51.851   55.281 (198)
293 Morgan St                      5    6  403  423   51.770   52.180 (255)
294 W Georgia                      2    7  233  274   51.741   55.674 (193)
295 Findlay                        6    5  297  225   51.679   50.763 (290)
296 NC Central                     8    2  298  198   51.670   47.339 (371)
297 WI Stout                       5    4  251  186   51.654   49.922 (314)
298 Georgetown KY                 12    1  513  178   51.633   41.476 (495)
299 Ark Pine Bluff                 6    3  291  193   51.528   47.041 (377)
300 CW Post                        8    3  328  181   51.340   43.654 (427)
301 Holy Cross                     3    8  240  367   51.263   55.975 (191)
302 Pac Lutheran                   6    3  284  219   51.246   48.113 (355)
303 Duquesne                       7    3  319  212   51.235   46.444 (385)
304 Henderson St                   2    8  211  357   51.219   56.642 (185)
305 Fort Hays St                   6    5  295  295   51.149   50.983 (284)
306 California PA                  6    4  365  259   51.122   48.727 (347)
307 NW Oklahoma St                 9    2  348  118   50.982   41.958 (476)
308 Kentucky St                    7    4  255  265   50.977   49.672 (322)
309 Slippery Rock                  4    7  272  271   50.973   52.544 (250)
310 Newberry                       5    6  340  287   50.894   50.198 (302)
311 Northern St SD                 6    5  292  304   50.806   49.887 (315)
312 MN Duluth                      4    7  203  300   50.736   53.443 (231)
313 East Central OK                6    4  214  218   50.704   49.041 (341)
314 WI Oshkosh                     5    5  311  224   50.670   49.575 (325)
315 Ashland                        5    6  245  245   50.471   51.091 (282)
316 Mercyhurst                     4    7  249  384   50.449   53.151 (236)
317 Augustana SD                   3    8  207  269   50.388   54.208 (216)
318 Truman St                      2    9  229  463   50.293   56.293 (189)
319 Grambling                      6    5  294  295   50.276   49.549 (327)
320 Virginia St                    6    4  196  142   50.255   47.876 (363)
321 S Connecticut                  8    2  376  138   50.174   40.999 (506)
322 Kutztown                       4    6  233  285   50.165   51.812 (268)
323 E New Mexico                   6    5  303  286   50.072   49.324 (337)
324 Jackson St                     4    7  242  300   50.069   52.711 (247)
325 Middlebury                     4    4  167  169   49.922   50.483 (294)
326 Mary ND                        9    2  283  157   49.918   43.217 (442)
327 Missouri-Rolla                 3    8  254  509   49.896   55.171 (200)
328 NC A&T                         3    8  180  303   49.831   54.619 (210)
329 Indianapolis                   4    7  259  306   49.741   52.032 (261)
330 W Alabama                      2    9  208  391   49.652   55.606 (194)
331 St John's MN                   7    3  349  112   49.647   42.839 (453)
332 WI River Falls                 3    7  197  331   49.592   52.760 (245)
333 Shepherd                       7    3  320  162   49.561   45.115 (403)
334 Abilene Chr                    5    5  222  265   49.488   49.674 (321)
335 Albany NY                      4    7  198  280   49.476   52.794 (242)
336 Hastings                       9    3  333  253   49.404   44.431 (411)
337 SW Baptist                     2    9  241  362   49.315   54.809 (206)
338 Trinity TX                     9    2  399  238   49.273   42.096 (470)
339 Gannon                         4    7  322  379   49.172   51.783 (269)
340 Lindenwood                    11    1  337  152   49.109   41.018 (505)
341 Hillsdale                      4    7  230  338   49.077   52.109 (257)
342 NE Kearney                     5    6  298  309   49.048   49.755 (318)
343 Robert Morris                  6    5  277  213   49.007   47.307 (372)
344 Wash & Jeff                   12    1  521  238   48.746   39.056 (554)
345 Morningside                    8    3  266  179   48.714   44.068 (418)
346 Lenoir Rhyne                   3    8  198  290   48.587   52.093 (258)
347 Wheaton IL                    10    2  465  253   48.541   41.652 (491)
348 W Oregon                       1    9  169  410   48.511   56.436 (187)
349 Georgetown                     3    8  174  280   48.396   53.094 (239)
350 TX Lutheran                    7    3  375  337   48.269   45.049 (404)
351 Northwestern IA                7    3  260   81   48.204   42.983 (449)
352 Ft Lewis                       4    6  261  284   48.157   49.478 (332)
353 Merrimack                      8    2  306  186   48.140   39.559 (545)
354 Clarion                        3    8  202  286   48.136   52.406 (254)
355 Carthage                      11    2  369  233   48.113   40.826 (512)
356 Rowan                         10    3  446  312   48.050   43.154 (445)
357 Sacred Ht                      6    4  276  206   47.882   45.809 (389)
358 Puget Sound                    5    4  240  173   47.842   45.542 (396)
359 McKendree                      9    2  278  183   47.756   41.313 (498)
360 W Salem St                     4    6  237  236   47.746   48.631 (348)
361 Bowie St                       5    5  177  200   47.663   47.691 (366)
362 TX A&M Commerce                4    6  254  241   47.628   48.426 (353)
363 Tiffin                         5    6  358  328   47.610   47.251 (374)
364 TN Martin                      2    9  173  394   47.603   53.685 (223)
365 N Michigan                     2    8  194  368   47.571   53.579 (227)
366 Wagner                         6    5  241  241   47.506   46.550 (383)
367 Charleston So                  5    5  268  212   47.391   46.690 (380)
368 Panhandle St                   6    5  296  298   47.378   46.480 (384)
369 Mid Am Nazarene               10    3  387  213   47.354   41.712 (487)
370 Augustana IL                   7    3  318  212   47.336   43.163 (443)
371 Ithaca                         9    2  420  150   47.312   39.070 (553)
372 Howard Payne                   7    3  372  337   47.288   44.467 (409)
373 St Thomas MN                   7    2  193  144   47.252   43.234 (441)
374 Cal Lutheran                   6    3  273  184   47.165   44.224 (416)
375 Stony Brook                    3    7  246  275   47.142   50.438 (296)
376 S Oregon                       3    6  133  221   47.028   50.274 (298)
377 St Augustine's                 4    6  180  234   46.966   48.450 (352)
378 St Josephs IN                  7    4  322  288   46.788   44.443 (410)
379 Edward Waters                  7    3  234  232   46.687   44.986 (405)
380 Salisbury St                  10    1  403  144   46.616   36.296 (609)
381 Tufts                          2    6   75  139   46.563   51.416 (277)
382 St Norbert                     9    2  455  228   46.439   38.160 (576)
383 St John Fisher                10    2  455  277   46.371   40.038 (533)
384 Morehouse                      4    6  187  295   46.295   49.115 (339)
385 Ohio Northern                  8    2  312  176   46.239   40.113 (529)
386 Western St CO                  3    8  194  335   46.228   51.922 (265)
387 Wesleyan CT                    3    5  131  222   46.210   50.483 (295)
388 Lock Haven                     3    8  172  417   45.775   52.729 (246)
389 Morehead St                    6    6  235  231   45.679   45.819 (388)
390 VMI                            0   11  137  327   45.657   57.704 (171)
391 W Texas A&M                    2    8  225  309   45.639   49.783 (316)
392 Minot St                       6    4  245  202   45.606   43.394 (433)
393 WV Wesleyan                    6    5  336  290   45.594   44.293 (414)
394 Trinity IL                     8    3  266  194   45.586   40.908 (509)
395 Cumberland KY                  8    3  420  224   45.577   40.879 (510)
396 Norfolk St                     1    8  168  338   45.575   52.670 (248)
397 Graceland                      8    2  331  271   45.531   41.392 (497)
398 Savannah St                    2    8  194  414   45.524   52.111 (256)
399 Bethel MN                      6    4  234  189   45.507   43.274 (437)
400 Bates                          2    6  138  204   45.493   50.067 (307)
401 Benedict                       3    8  133  299   45.490   51.204 (280)
402 MS Valley St                   3    8  248  314   45.452   48.890 (343)
403 Wartburg                       8    3  276  186   45.448   41.789 (484)
404 Delaware Val                  12    1  357  253   45.419   38.624 (563)
405 Bacone                         7    3  303  222   45.369   40.703 (518)
406 Bowdoin                        2    6  149  217   45.325   50.040 (310)
407 Eliz. City St                  3    7  117  204   45.165   48.623 (349)
408 NE Wesleyan                    6    4  258  228   45.098   43.294 (436)
409 Springfield                    8    2  401  170   45.021   37.581 (588)
410 C Newport                      9    3  337  183   44.822   39.010 (557)
411 Glenville St                   5    6  234  325   44.813   46.560 (382)
412 SW Minnesota                   5    6  274  296   44.795   45.660 (393)
413 N Central IL                   7    3  275  180   44.703   39.694 (542)
414 NM Highlands                   3    8  200  376   44.681   49.665 (323)
415 DePauw                         8    2  261  160   44.662   38.823 (561)
416 Angelo St                      2    9  247  373   44.642   50.255 (299)
417 St Ambrose                     7    3  375  174   44.622   39.553 (546)
418 SUNY Brockport                 6    4  327  229   44.595   41.706 (488)
419 St Olaf                        7    3  265  268   44.573   41.560 (494)
420 Redlands                       4    5  280  302   44.570   45.333 (399)
421 Wooster                       11    1  510  215   44.510   34.159 (656)
422 La Verne                       4    5  251  269   44.478   45.184 (402)
423 Capital                        7    3  318  215   44.465   40.710 (517)
424 St Xavier IL                   7    4  251  242   44.359   42.871 (452)
425 Chapman                        4    5  194  248   44.175   45.599 (395)
426 Coe                            7    3  282  193   44.166   40.863 (511)
427 Upper Iowa                     2    8  211  326   44.097   49.498 (330)
428 Concordia NE                   5    5  293  221   44.094   43.394 (434)
429 Fairmont St                    5    5  297  243   44.085   43.550 (430)
430 Monmouth IL                    9    1  374  179   44.043   35.259 (633)
431 Wayne St MI                    1    9  115  403   44.007   53.392 (232)
432 MN Crookston                   2    8  173  332   43.976   50.791 (287)
433 Walsh                          8    3  291  209   43.941   40.229 (525)
434 E Texas Bap                    4    6  259  306   43.901   45.803 (390)
435 Stillman                       5    5  167  238   43.882   44.885 (407)
436 Valley City St                 5    5  223  251   43.858   43.745 (425)
437 Pikeville                      8    3  262  177   43.830   39.793 (540)
438 Central IA                     6    4  227  175   43.811   41.864 (482)
439 Alma                           8    3  368  237   43.667   38.457 (567)
440 Prairie View                   3    8  246  349   43.578   47.237 (375)
441 Louisiana Col                  5    5  352  388   43.576   44.041 (419)
442 St Francis PA                  3    8  207  322   43.423   47.388 (369)
443 Menlo                          1    8  161  335   43.402   51.093 (281)
444 Valparaiso                     5    6  250  300   43.388   45.509 (397)
445 W New Mexico                   2    8  213  344   43.286   49.387 (335)
446 Hobart                         9    2  364  222   43.177   37.386 (593)
447 Jamestown                      5    5  228  237   43.164   43.646 (428)
448 Wayne St NE                    3    8  225  337   43.048   48.067 (356)
449 Virginia Union                 2    8  154  261   43.023   48.182 (354)
450 John Carroll                   6    4  144  171   43.003   41.030 (504)
451 Albion                         7    3  276  218   42.980   39.369 (547)
452 Muhlenberg                     8    3  184  113   42.915   38.510 (566)
453 Concord Col                    5    6  203  334   42.878   45.703 (392)
454 Pomona Pitzer                  4    5  186  171   42.871   43.122 (446)
455 Johns Hopkins                  9    2  259  165   42.853   37.801 (584)
456 Luther IA                      6    4  310  224   42.829   40.577 (521)
457 Millikin                       5    5  299  253   42.826   42.064 (472)
458 Livingstone                    2    8  150  297   42.793   48.466 (351)
459 Alfred                         8    3  256  163   42.747   38.152 (577)
460 Mt St Joseph                  10    1  299  147   42.709   33.908 (660)
461 Baldwin-Wallace                6    4  187  135   42.668   40.632 (519)
462 Olivet Naz                     7    5  255  207   42.610   41.148 (501)
463 Bridgewater VA                 8    3  451  232   42.590   36.657 (604)
464 S Nazarene                     6    4  192  165   42.479   40.165 (526)
465 Lane                           2    9  128  283   42.462   49.361 (336)
466 College of NJ                  7    2  207  135   42.413   36.903 (601)
467 Benedictine KS                 5    6  284  272   42.385   42.806 (454)
468 Wesley DE                      8    2  313  136   42.352   34.998 (641)
469 Buena Vista                    6    4  237  216   42.241   40.927 (508)
470 Clark Atlanta                  1    9  231  402   42.236   50.017 (311)
471 Jacksonville                   3    7  188  345   42.236   47.500 (368)
472 Marist                         3    6  163  262   42.211   47.089 (376)
473 Hamilton                       1    7  132  331   42.105   51.416 (278)
474 Texas Col                      5    6  329  295   42.018   42.269 (465)
475 Olivet MI                      8    2  458  284   41.991   35.790 (620)
476 Frank & Marsh                  8    3  291  188   41.968   36.731 (603)
477 William Jewell                 5    5  201  202   41.893   41.755 (485)
478 Lambuth                        6    4  282  239   41.864   40.058 (531)
479 Hope                           6    4  266  245   41.854   39.954 (536)
480 Marietta                       6    4  185  201   41.815   40.418 (523)
481 MT St Northern                 1   10  121  380   41.747   51.541 (273)
482 Albright                       8    3  447  322   41.682   37.856 (582)
483 Huron                          4    6  267  302   41.661   43.095 (447)
484 Webber                         4    5  192  243   41.609   43.472 (431)
485 Langston                       6    5  315  256   41.592   40.599 (520)
486 American Intl                  5    4  166  222   41.515   41.178 (500)
487 McDaniel Col                   6    4  197  131   41.477   38.163 (575)
488 Austin Col                     3    7  160  311   41.371   45.738 (391)
489 Midland Luth                   5    6  237  298   41.362   42.939 (450)
490 Thiel                          7    3  241  174   41.338   37.839 (583)
491 SUNY Cortland                  5    4  232  206   41.327   39.824 (539)
492 Simpson IA                     5    5  185  166   41.177   40.785 (515)
493 Davidson                       2    7  132  254   41.077   46.855 (378)
494 Rocky Mtn                      1   10   85  333   40.894   51.497 (274)
495 Lake Forest                    8    2  254  143   40.840   35.233 (634)
496 Black Hills St                 4    6  164  202   40.778   42.381 (460)
497 Dakota St                      4    6  236  216   40.766   41.936 (477)
498 Lakeland                       7    3  379  163   40.755   34.747 (646)
499 Mansfield                      1    9  134  395   40.602   50.776 (289)
500 Moravian                       7    4  322  264   40.584   38.395 (569)
501 SW Oklahoma                    1    9  100  307   40.577   49.427 (334)
502 Union NY                       6    3  239  173   40.543   37.268 (596)
503 Campbellsville                 6    5  313  307   40.410   39.968 (535)
504 Washington MO                  6    4  223  212   40.410   39.670 (544)
505 Evangel                        4    6  268  310   40.313   41.913 (480)
506 Wilkes                         6    4  280  185   40.277   38.319 (571)
507 Missouri Valley                4    6  183  220   40.221   41.923 (479)
508 NE Oklahoma                    0   10  141  314   40.204   50.789 (288)
509 G. Adolphus                    2    8  210  285   40.157   45.395 (398)
510 Wittenberg                     7    3  449  290   40.118   35.208 (635)
511 Baker KS                       4    6  229  300   40.100   41.935 (478)
512 Loras                          4    6  222  194   40.062   39.328 (548)
513 Cent Methodist                 4    7  168  176   40.061   41.869 (481)
514 Augsburg                       2    8  243  274   39.966   44.238 (415)
515 Widener                        6    4  252  209   39.910   38.570 (564)
516 Hampden-Sydney                 8    2  390  234   39.834   33.795 (663)
517 Waynesburg                     7    4  427  205   39.771   35.324 (632)
518 Dickinson                      6    4  171  146   39.635   37.942 (580)
519 Mesa St                        0   11  175  422   39.596   51.297 (279)
520 Wabash                         6    4  283  160   39.562   36.147 (613)
521 Briar Cliff                    3    7  143  247   39.512   43.852 (424)
522 Concordia WI                   7    3  318  210   39.453   34.163 (655)
523 Otterbein                      4    6  238  201   39.423   39.690 (543)
524 Bethel TN                      5    7  304  404   39.415   41.593 (493)
525 IL Wesleyan                    3    7  234  274   39.363   42.777 (456)
526 Bryant                         4    5  141  188   39.336   41.420 (496)
527 Shenandoah                     7    4  243  245   39.336   37.311 (595)
528 Carnegie Mellon                6    4  268  138   39.134   35.140 (638)
529 N Greenville                   3    7  206  327   39.108   43.703 (426)
530 Sul Ross                       2    8  199  399   39.107   46.590 (381)
531 Norwich                        7    4  241  287   39.103   37.569 (589)
532 TX Southern                    0   11   82  355   39.089   52.611 (249)
533 S Dakota Tech                  3    7  202  312   38.999   42.737 (457)
534 Urbana                         5    6  274  221   38.997   39.300 (549)
535 Union KY                       4    7  293  339   38.921   42.039 (473)
536 JC Smith                       0   10  100  394   38.917   51.446 (276)
537 Hanover                        6    4  254  231   38.909   35.919 (617)
538 Wm Penn                        3    8  224  252   38.631   43.985 (422)
539 Moorhead St                    0   11  132  448   38.590   51.939 (263)
540 Methodist                      7    3  256  203   38.552   35.439 (627)
541 McMurry                        2    8  266  340   38.522   44.354 (412)
542 Cheyney St                     1   10   70  549   38.494   52.043 (260)
543 Adrian                         6    4  211  138   38.308   35.435 (628)
544 Aurora                         6    5  363  216   38.204   34.785 (645)
545 Charleston WV                  3    7  272  314   38.106   40.805 (514)
546 St Peter's                     3    7  154  260   38.078   42.907 (451)
547 Quincy                         4    7  268  299   37.995   41.038 (503)
548 Butler                         1   10  118  344   37.982   47.347 (370)
549 Buffalo St                     4    6  141  259   37.979   40.370 (524)
550 Montclair St                   4    4  164  144   37.945   37.750 (586)
551 King's PA                      4    6  261  230   37.916   39.024 (556)
552 Geneva                         5    5  175  192   37.885   38.958 (558)
553 Claremont M.S.                 2    7  161  222   37.856   42.782 (455)
554 WV Tech                        2    9  190  433   37.781   45.266 (400)
555 La Salle                       3    7  297  327   37.763   40.811 (513)
556 Austin Peay                    2    9  161  313   37.607   43.616 (429)
557 Belhaven MS                    4    7  236  291   37.604   40.041 (532)
558 W Virginia St                  3    8  130  325   37.577   43.305 (435)
559 Allegheny                      5    5  233  190   37.541   36.029 (616)
560 Whittier                       2    7  145  284   37.400   43.236 (439)
561 Tabor                          9    2  302  263   37.343   33.478 (667)
562 Wilmington OH                  3    7  140  273   37.254   41.691 (489)
563 Ohio Wesleyan                  5    5  227  257   37.151   36.543 (606)
564 W Liberty                      2    8  187  304   37.096   42.311 (461)
565 Lycoming                       3    7  194  238   37.083   39.767 (541)
566 Doane                          2    8  110  274   37.078   44.096 (417)
567 Rhodes                         5    5  257  241   37.060   37.561 (590)
568 Susquehanna                    4    6  306  307   37.057   38.169 (574)
569 St Anselm's                    4    6  166  271   37.029   40.160 (527)
570 Illinois Col                   6    4  307  213   36.991   34.472 (650)
571 Virginia Wise                  3    8  258  421   36.951   41.644 (492)
572 KY Wesleyan                    4    7  178  301   36.888   40.031 (534)
573 Culver-Stockton                2    8   99  206   36.819   42.263 (466)
574 Dana                           2    9  227  374   36.787   43.012 (448)
575 Curry                          9    2  336  116   36.749   28.700 (690)
576 Lincoln MO                     1    9  164  332   36.666   45.645 (394)
577 Malone                         4    6  229  267   36.523   39.195 (550)
578 Elmhurst                       4    6  294  343   36.466   37.763 (585)
579 Waldorf                        3    7  103  405   36.404   43.405 (432)
580 Hamline                        3    7  177  261   36.375   41.143 (502)
581 Rochester NY                   4    6  275  253   36.308   37.157 (598)
582 Iona                           2    8  182  349   36.222   43.236 (440)
583 Franklin IN                    5    5  338  332   36.168   35.178 (636)
584 W Connecticut                  5    5  258  264   36.155   36.113 (614)
585 Wash & Lee                     6    4  203  157   36.100   33.639 (664)
586 Rensselaer                     5    4  224  198   36.069   35.059 (640)
587 Lebanon Val                    4    6  155  249   36.024   38.099 (578)
588 Carleton MN                    2    8  172  307   35.989   42.219 (467)
589 Westminster MO                 6    3  323  178   35.942   31.269 (682)
590 Westminster PA                 5    5  166  227   35.915   36.226 (610)
591 Averett                        6    4  317  227   35.805   33.319 (670)
592 FDU Madison                    4    6  167  257   35.790   37.609 (587)
593 Avila                          2    9   73  264   35.661   42.286 (463)
594 Mississippi Col                1    9  158  350   35.631   44.945 (406)
595 Millsaps                       4    5  143  184   35.602   37.535 (591)
596 MacMurray                      7    3  329  237   35.546   30.923 (683)
597 Cornell IA                     2    8  142  305   35.327   40.763 (516)
598 Grinnell                       6    4  255  278   35.302   34.702 (647)
599 Mt Ida                         6    2  220  221   35.188   31.942 (679)
600 Iowa Wesleyan                  2    9  123  375   35.145   43.873 (423)
601 St Lawrence                    4    6  197  243   34.944   36.834 (602)
602 NC Wesleyan                    4    4  142  184   34.919   35.631 (624)
603 Lewis & Clark                  1    8   82  374   34.908   47.962 (361)
604 Ferrum                         4    6  276  230   34.840   35.383 (629)
605 Thomas More                    4    6  250  291   34.778   36.467 (607)
606 Worcester Tech                 5    5  311  223   34.725   33.553 (666)
607 Grove City                     3    7  192  245   34.712   38.404 (568)
608 Centre                         4    6  285  289   34.655   36.170 (611)
609 Haskell                        4    7  195  286   34.631   36.933 (600)
610 Dubuque                        2    8  102  210   34.545   40.141 (528)
611 Dakota Wesleyan                1   10  143  427   34.543   44.023 (420)
612 Huntingdon                     4    5  240  274   34.503   35.702 (621)
613 Maryville TN                   5    4  173  184   34.434   34.072 (657)
614 Ripon                          5    5  323  346   34.430   34.789 (644)
615 Luther MN                      6    3  234  189   34.420   29.771 (686)
616 Bluffton                       5    5  210  221   34.087   33.011 (671)
617 Anderson IN                    5    5  260  257   34.086   33.634 (665)
618 Emory & Henry                  4    6  311  349   34.079   35.619 (625)
619 Frostburg St                   2    8  127  223   33.865   39.029 (555)
620 M Marines                      3    7  153  254   33.777   37.465 (592)
621 Tri-State IN                   2    8  169  363   33.763   40.973 (507)
622 Carroll WI                     3    7  269  306   33.725   37.157 (597)
623 Chicago                        3    6  229  207   33.716   35.648 (623)
624 Denison                        6    4  239  271   33.587   31.690 (681)
625 Utica                          3    7  160  293   33.413   38.275 (573)
626 Stonehill                      2    7   95  255   33.382   42.082 (471)
627 Sterling                       5    5  263  230   33.347   33.433 (668)
628 Southwestern KS                5    5  252  268   33.171   33.941 (659)
629 Muskingum                      1    9   99  239   33.141   42.282 (464)
630 Fitchburg St                   8    4  339  192   33.128   28.538 (692)
631 Kean                           2    8  123  303   33.080   39.938 (537)
632 Case Reserve                   5    5  172  250   33.066   34.403 (652)
633 Friends                        5    4  221  230   32.776   32.492 (676)
634 Rose Hulman                    4    6  167  196   32.711   34.851 (642)
635 Colorado Col                   2    7  189  346   32.586   38.919 (560)
636 Taylor IN                      2    8  105  320   32.522   39.837 (538)
637 Allen                          2    6  141  277   32.485   38.949 (559)
638 Northwestern MN                6    5  236  255   32.472   31.896 (680)
639 St Francis IL                  1   10  100  311   32.454   41.718 (486)
640 WI Lutheran                    2    8  146  325   32.425   38.716 (562)
641 Bethel KS                      4    5  203  197   32.201   32.556 (675)
642 Sewanee                        2    8  120  234   32.142   37.883 (581)
643 KS Wesleyan                    4    6  209  242   32.052   33.852 (661)
644 Peru St                        1    9  129  355   31.881   42.600 (459)
645 Bethany KS                     4    5  174  175   31.782   32.602 (674)
646 Juniata                        1    9  122  338   31.728   39.147 (552)
647 MA Dartmouth                   7    4  241  172   31.611   29.668 (687)
648 Rockford                       7    3  322  163   31.557   26.108 (699)
649 N Park                         1    9  157  335   31.520   40.524 (522)
650 Paul Quinn                     1    7  175  314   31.376   40.060 (530)
651 Beloit                         3    7  250  282   31.214   35.111 (639)
652 Ursinus                        1    9  166  254   31.066   37.945 (579)
653 McPherson                      4    6  156  206   30.965   32.887 (672)
654 Wm Paterson                    2    8  165  274   30.888   37.156 (599)
655 St Mary's KS                   3    6  233  273   30.791   32.712 (673)
656 Apprentice                     3    7  131  260   30.776   35.168 (637)
657 Ottawa KS                      3    7  158  214   30.775   34.178 (654)
658 Gettysburg                     1    9  105  286   30.625   38.567 (565)
659 Hartwick                       1    8  151  289   30.522   39.189 (551)
660 MN Morris                      5    5  296  180   30.463   28.425 (693)
661 Greensboro                     2    8  150  261   30.423   36.454 (608)
662 OH Dominican                   0   10  154  380   30.263   42.000 (474)
663 Kalamazoo                      1    9  153  277   30.201   38.289 (572)
664 Endicott                       6    4  214  241   30.162   27.655 (694)
665 Assumption                     1    9   79  278   30.118   41.822 (483)
666 Greenville                     3    7  115  342   29.842   35.864 (618)
667 Randolph Macon                 3    7  156  254   29.670   33.951 (658)
668 Cumberland TN                  0   10  113  369   29.356   41.309 (499)
669 Pace                           0   10   97  286   29.199   42.100 (469)
670 Mayville St                    0   10   75  356   28.727   42.732 (458)
671 Lawrence                       2    8  183  392   28.682   35.364 (631)
672 Eureka                         3    7  157  248   28.629   32.211 (677)
673 Heidelberg                     0   10   72  341   28.509   42.125 (468)
674 Bridgewater MA                 6    3  273  157   28.492   23.984 (705)
675 Coast Guard                    1    8  179  231   28.479   34.845 (643)
676 Earlham                        4    6  223  283   28.303   30.729 (684)
677 Bethany WV                     1    9  128  439   27.583   38.384 (570)
678 Westfield St                   5    4  175  152   27.218   25.151 (703)
679 SW Assemb God                  1   10  221  474   27.159   37.326 (594)
680 W New England                  5    4  224  272   26.852   26.254 (698)
681 Guilford                       1    9  193  380   26.779   34.537 (649)
682 Chowan                         1    9   97  336   26.769   36.149 (612)
683 Worcester St                   6    4  222  165   26.605   23.919 (707)
684 Plymouth St                    1    8   93  274   26.515   35.383 (630)
685 Nichols                        4    6  225  198   26.075   27.204 (695)
686 Kenyon                         2    8  235  451   25.630   32.169 (678)
687 Knox                           1    9   87  323   25.516   35.681 (622)
688 Husson                         2    7  174  278   25.469   30.237 (685)
689 Macalester                     1    8  183  462   25.144   33.852 (662)
690 Oberlin                        1    9  214  345   24.990   33.417 (669)
691 Defiance                       1    9  104  297   24.873   34.572 (648)
692 Blackburn                      3    7  197  341   24.534   28.700 (689)
693 Catholic                       0   10  118  383   23.475   36.597 (605)
694 ME Maritime                    3    6  163  236   23.254   26.517 (697)
695 Maranatha Bap                  3    6  227  207   23.046   25.442 (701)
696 Salve Regina                   2    8  189  342   22.765   28.650 (691)
697 Benedictine IL                 1    9   89  469   22.396   36.083 (615)
698 S Virginia                     0    8  103  354   22.323   35.814 (619)
699 Manchester                     0   10  110  408   21.385   35.561 (626)
700 Crown MN                       2    7  218  298   20.802   28.798 (688)
701 Concordia IL                   0   10   83  369   19.119   34.406 (651)
702 Principia                      3    6  155  396   18.409   23.955 (706)
703 MIT                            2    7  110  238   18.329   25.113 (704)
704 Hiram                          0   10   47  432   17.683   34.381 (653)
705 MA Maritime                    1    8  105  338   14.954   25.263 (702)
706 Framingham St                  0    9   80  388   10.246   25.444 (700)
707 Trinity Bib                    0   10   67  534   10.041   26.874 (696)
